15406304	15608476
15883166	15504795
15760472	15856640
15392304	15408999
15599158	15750727
15556550	15729185
15980168	15508039
15865709	15608381
15464739	15747324
15783979	16014249
15867499	15779901
15418659	15560903
15652570	15611315
15438282	15554715
15833325	15996641
16008327	15462518
15738274	15667765
15662985	15841091
15678885	15525381
15766074	15828671
15716304	15563504
15891764	15390057
15587953	15708295
15597733	15646614
15631742	15454707
15722293	15417972
15858037	15545485
15874604	15428803
15379983	15879024
15567310	15376633
15818688	15859971
15926470	15867408
15956232	15860800
15852939	15731176
15561135	15428903
15839573	15721353
15900488	15409117
15780648	15979972
15595487	15641204
15399599	15766844
15558492	15642359
15554733	15490996
15469905	15877998
15700211	15654198
15452809	15457988
15754430	15993360
15545065	15380800
15751075	15441487
15548614	15779481
15815522	15837931
15742282	15631421
15951501	15425029
15690860	15836136
15533843	15778466
15507411	15422620
15631139	15458421
15807033	15497655
15990907	15412961
15773756	15620677
15733755	15993180
15800590	15774273
15939672	15578511
15976857	15750672
16007322	16028329
15667411	15940501
15886276	15693384
15708993	15905494
15957794	15704524
15589458	15967330
15433806	15995099
15704117	15702259
15661492	15603839
15515152	15436471
15423649	15847574
15983672	15399493
15411894	15586595
15524363	15412448
15567066	15390372
15884932	15658548
15731784	16007055
15815797	15605246
15802922	15484531
15554678	15925866
15589362	15497270
15530325	15803878
15868370	15797584
15394089	15702140
16014972	15868463
15865916	15427313
15775129	15406093
15479847	15808734
15941458	15752016
15843420	15788539
15516554	15711378
15415697	15530613
15441305	15767094
15846947	15917294
15915781	15734848
15692328	15754905
15966913	15927261
15406014	16026823
15853264	15973740
15415780	15578944
15902365	15938900
15753642	15455662
15990005	15419605
15586520	15588405
15642407	15528150
15956188	15600920
15520500	15498767
15410133	15699141
15650818	15527432
16024855	15792267
15711010	16003009
15790664	15545515
15778533	15443350
15989992	15627493
15559344	15766353
16015831	15845950
15483206	15786642
15496863	15509273
15584807	15610012
15968369	15580720
15937080	15933718
15599785	15417211
15706042	16015460
15490440	15952378
15459124	15736980
15481883	15729526
15395296	15384076
15883348	15758876
15624446	15503415
15725038	15594888
15773050	15462049
15991469	15603152
15568345	15915996
15480480	15601083
15957386	15496069
15477384	15640142
15403402	15760090
15486931	15658060
15943604	15404940
15727807	15461883
15400759	15427702
15475730	15867282
15959713	15776854
15840392	15844318
15770004	15452613
15623798	15827337
15846352	15727820
15634781	15655922
15439672	15701047
15730875	15829391
15828528	15950727
15484674	15749604
15860511	15853340
15628306	15432366
15930696	15520889
15430361	15715926
15409000	15458402
15732403	15549708
15661985	15890824
15832902	15951258
15564715	15458844
15546735	15951512
15665154	15999287
15555496	15767430
15592411	15759893
15761432	15890617
15403913	15599107
15502799	15424721
15897277	15425211
15626310	16021861
15798799	15454657
15653252	15653712
15814158	15889560
15835428	15597906
15389136	15597674
15698789	15689104
15807048	15543744
15827475	15888883
15996355	15958747
15695862	15464617
15405330	15475078
15558827	15915813
15507591	15584575
15992218	16008440
15775373	15568638
15954809	15588040
15752693	15560373
15781449	15530645
15557741	15470653
16014229	15529843
15406252	15387269
15499879	15500875
15736964	15629781
15455621	15445049
15748186	15697119
16015140	15460330
15391892	15972955
15721795	15514992
15579876	15969581
15904642	15744312
15652377	15514039
15632983	16020476
15924802	15584615
15423705	15453309
15427509	15845182
15942501	15636448
15576760	15736822
15476712	15722667
15790278	15402376
15570305	15549800
15604667	15686944
15729908	15493434
15893300	15734680
15484966	15814521
15950621	15873417
15438699	15812175
15659834	15628093
15490948	15396986
15559647	15830785
15490862	15641299
15989961	16006939
15874328	15796381
15753155	15790986
15634657	15522014
15980036	15633284
16023694	15755684
15791247	15968804
15596192	15484354
15442253	15671795
15628572	15872715
15594891	15952731
15800761	15603911
15921696	15846989
15619372	15621570
15693411	15925380
15977651	15532535
15866066	15709273
15853081	15499707
15511654	15850225
15515947	15684694
15453740	15445110
15710367	15760321
15723056	15642639
15965902	15909714
15853337	15742714
15819040	15548466
15828578	15619033
15697195	15891429
15457266	15929734
15923701	15395756
15419194	15540896
15798179	15931670
15843439	15914498
15613979	15608815
15793339	15539427
15823513	15740209
15879463	15930371
15811099	16021338
15792023	15922518
15783561	15724935
15515788	15753352
16008418	15830642
15960862	15425039
15888186	15988387
15607742	15957347
15851101	15565145
15678649	15527820
15943966	15428296
15407720	15799441
15694880	15532560
15552748	15643231
15532622	15739968
15682964	15679596
15783663	15899697
15901100	15490292
15616229	15622596
15826678	15712464
15702138	15803823
15411645	15558812
16004682	15556540
15806737	15553349
15405012	15771727
15469711	15703257
15919765	15880632
15763756	15659464
15408024	15728289
15565753	15816272
15975899	15620366
15694642	15734559
15566164	15626667
15877738	15833099
15703411	15583122
15834532	15464303
15734116	15416330
15733914	15676335
15718891	15409470
15988721	15410744
15510183	15720945
15862098	15616275
15860553	15581516
15860083	15638259
15663203	15518514
15566718	15684514
15603041	15388324
15517783	15455403
15544784	15790506
15507972	15593123
15974947	15387205
15869542	15868643
15907498	15608461
15706093	15830606
15574602	15385554
15417878	15974189
15669458	16022695
15503451	15521487
15760049	15404538
16015726	15731056
15568248	15995760
15972842	15381668
15933311	15452090
15866416	15520900
15811365	15680343
15615108	15689739
15599226	15647449
15473578	15643553
15811627	15627566
15412805	15989213
15958703	15425949
15448380	15590399
15430026	15413558
15615716	15849119
15401474	16025956
15826557	15976178
15467420	15830535
15805587	15731323
15861179	15954116
15849583	15663053
15974578	15435600
15534989	15392108
16002887	15417329
15917885	15777382
15544186	15470305
15916673	15411799
15889461	15670910
15953007	15490461
15950415	15935206
15968441	15784486
15772147	15731405
15535335	15525592
15953396	15712161
15914920	15457743
15661728	15650737
15847820	15914186
15764429	16022338
15581773	15654347
15712495	15427943
15578038	16023910
15825922	15783292
15720151	15383593
15882299	15620586
15586015	15494436
15764275	15531217
15730811	15563362
15492415	15613037
15492859	15839991
15899382	15768022
15413449	15495676
15707520	15977293
15943433	15533594
15762624	15435104
15502394	16019081
15671671	15939420
15835509	15529510
15443386	15801677
15787761	15858691
15646252	15712882
15692932	15517967
15432712	15772263
15636556	15845562
15377030	15543145
15537838	15583731
15570543	15833527
15607767	15558236
15920809	15843447
15678356	15444502
15656703	15419977
15609418	15523043
15715389	15610815
15667553	15890064
15410876	15515978
15938515	15649377
15926114	15643992
15419237	15704129
15929709	15478466
15623635	15475152
15899571	15841562
15928307	15942273
15958556	15777075
15865779	15849856
15814045	15603283
15410942	15639796
15440006	15969300
15899588	15625080
15556019	15753634
15562198	15620617
15465582	15663924
15641490	15860234
15604747	16003811
15412239	15491178
15489092	15786912
15756367	15644388
15531572	15617168
15712177	15712643
15642068	15856564
15619728	15534906
15904538	15596457
15859760	15572593
15765327	15987547
15995922	15834151
15550883	15435639
15557845	15691301
15828878	15875400
15875754	15648850
15731519	15932571
15580176	15782299
15544356	15643091
15621875	15633088
15748473	15542256
15515634	15713754
15905084	15755062
15818861	16003919
15792215	15515081
15943303	15609349
15728204	15496010
15794584	15540746
15952502	15943758
15424476	15999618
15943018	15602431
15872935	15388749
15533206	15426537
15591139	15500957
15622387	15984120
16005109	15907862
15610468	15496543
15405762	15742424
15399175	15787690
15494241	15932830
15598784	15667956
15902373	15806465
15701067	15783452
15552399	15853559
15589201	15749851
15523644	15442532
15819779	15858978
15596328	15942737
15863267	15805096
15609071	15511582
15763869	15668169
15657175	15571364
15949373	15564461
15699145	15754487
15804502	15444050
15577257	15912570
15382890	15587357
15680524	15537841
15806307	15582306
15992452	15599551
15444251	15496242
15777866	15603036
15471478	16020762
15616688	15984317
15520940	15969010
15940141	15554662
15602319	16023917
15457014	15853670
15593498	15586235
15860203	15773700
15608484	15660427
15780134	15916643
15670175	16023363
15528796	15815550
15790490	15870349
15510685	15565479
15391307	15586754
15597009	15406238
15988788	15514099
15669300	15589383
15412881	15604725
15495890	15752827
15529319	15675956
15878881	16010753
15424007	15775406
15814904	16000026
15619656	15797235
15904488	15409324
15871524	15825389
15681015	15598385
15954269	15694858
16020591	15794700
15685352	15869665
15442390	15494306
15829757	15464969
15573287	15871745
15822104	15736603
15586730	15718735
15506012	15499254
15850005	15545970
15896132	15398415
15826353	15885478
15694663	15836039
15387122	15494389
16009048	16017032
15803009	15762937
15408637	15691607
15452342	15920200
15718362	15415852
15658562	15672376
15790687	15870725
15604678	15779122
15923323	15659473
15763895	15724369
15725837	15417513
15666450	15874470
15826901	16017989
15627787	15677022
15865733	15825280
15713407	15429222
15732112	16027873
15456696	15971085
15735925	15838370
15637970	15832099
15394282	15827207
15786239	15629513
15978919	15834512
15862000	15819389
15405517	16022570
15508617	15608170
15590006	15807973
15626117	15502276
15921912	15451370
15393313	15625378
15446829	15928412
15663826	15723851
15970092	15939178
15451856	15805768
15941775	15811856
15443740	15419764
15419556	15643593
15921634	15736405
15771664	15599316
15645494	15430561
15592406	16004131
15568087	15694768
15388521	15522609
15843973	15984947
15941547	15593285
15631423	15602611
15583339	16006746
15502400	15994241
15863111	15648995
15741304	15614930
15806635	15679841
15926625	15487447
15801064	15393352
15684134	15655299
15795673	15581752
16010424	15454895
15541280	15989319
15425648	15556363
15936527	15950337
15950044	15488139
16007344	15647253
16009228	15818154
15977790	15920712
15555057	15980246
15975916	15763607
15657268	15697534
15650681	15509086
15778896	15670864
15604077	15626725
15465913	16007722
15591606	15824371
15784143	15811889
15531175	15680075
15580586	15877579
15835062	15704922
15428933	15475874
15848400	15847679
15810759	15881147
15460510	15563869
15744922	15713911
16020753	15439759
15722235	15406030
15854003	15526658
15466354	15484776
16007101	15913295
15757247	15485006
15424196	16000325
15771424	15946788
15790654	15480821
15758923	15704880
15840417	15981284
15834414	15406393
15923399	15549823
15639300	15560855
15418499	15587493
15898819	15684158
15619498	15501251
16001502	15475735
15435881	15878880
15665956	15885927
15420391	15998107
15458722	16010774
15638462	15977082
15517884	15904115
15714967	15997773
15953687	15782901
15632421	15468129
15470915	15901937
15648474	15827566
15996270	15854621
15892347	15775522
15531070	15511254
15656599	15714308
15719017	15784147
15870023	16012276
15657464	15460023
15934580	15438092
15711168	15510093
15614076	15419531
16012828	15659785
15714932	15950265
15398474	15668054
15922193	15493569
15567381	15998729
15773426	15573905
15479274	15959111
15483833	15934589
15610091	15446971
15384461	15703203
15678355	15976491
15383880	15504556
15862104	15765488
15584929	15728956
15713410	15538239
15709298	15982563
15483267	15456590
15459981	15690886
15459989	15973530
15618742	15550377
15614137	15774562
15827911	15738050
15776147	16019534
15682899	15790225
15894331	15707301
15704949	15864597
15796237	15399249
15760946	15564721
15692513	15861321
15449010	15522495
15736383	15442494
15408077	15947299
15414840	15996211
15754412	15510380
15419712	15649841
15674352	15550660
15969654	15973109
15926028	15855976
15675151	15438852
15925353	15418770
15415476	15592812
15808225	15699536
15582734	15439731
15870838	15545321
15897119	15582353
15773907	15572892
15691687	15493871
15556446	15730530
15992401	15902353
15925623	15809476
15744594	15507237
15557183	15431915
16023966	15946400
16027731	15460702
15867111	15904437
15452539	15541368
15840210	15820192
15727399	15965320
15945640	15489977
15470271	15663268
15504091	15913076
15883277	15541635
15379621	15374951
15469966	15808166
15835741	15754477
15415634	15494377
15988744	15724642
15385219	15696195
16017787	15616459
15985671	16010622
15690005	15625094
15649715	15813212
15586109	15867222
15684236	15563730
15772090	15807710
15389990	15747768
15626058	15578998
15926150	15454685
15841373	15966175
15762439	15807222
15409759	15719372
15596061	15442684
15974630	15939921
15544137	15468844
15666325	15666366
15837227	15735251
15491996	15846007
15595391	15450604
15901341	15927210
15734881	15566916
15560240	15553663
15704369	15710095
15452853	15804202
16018502	15379408
15579236	15763166
16005306	15500181
15643165	15554004
15511245	15830524
15398634	15639206
15816961	15523282
15996991	16008273
15660806	15570932
15895290	15793163
15634268	15998152
15780081	16009943
15678703	15406923
15951288	15530364
15819673	15676772
15623488	15927858
15497199	15817079
15790950	15701831
15481561	15633680
15402640	15590251
15538727	15885519
15838912	15767634
15413092	15511147
15398124	15734576
15884190	15523617
15712680	15565650
15553161	15418416
15391792	15879929
15712122	15745441
16000163	15638224
15608933	15507509
15603325	15784733
16016408	15947783
15708388	15712274
15944140	15745005
15479783	16016037
15396197	15551238
15533317	15840026
15380600	15966596
15855934	15624164
15904436	15443930
15800539	15890626
15480008	15754547
15790545	15554959
15735055	15511468
15454060	15516306
15441750	15555427
15404988	15684594
16027736	15561259
15788697	15623218
15544070	15932625
15463369	15975302
15553566	15749756
15822603	15785062
15467231	15758235
15875236	15685325
15644775	15688087
15416708	15832110
15612217	15547980
15559814	15379584
15874312	15863078
15720828	15426282
15691043	15475420
15888348	15477968
15467988	15837060
15952495	15931964
15376894	15468231
15861517	15684118
15944484	15700440
15598947	15594970
15710539	15961508
15548344	15574710
15811401	15767174
15832844	15777741
15921286	15910813
15913054	15984588
15684251	15726833
15874463	15654380
15827038	15777781
16023532	15816960
15694840	16006604
15717474	15601836
15830222	15511843
15825448	15541223
15465324	15841293
15708995	15713689
15478722	15965064
15753817	15467913
15535886	15493785
15704183	15708120
15619090	15860516
15656276	15638105
15750772	15590026
15982486	15818217
15457763	15905088
15714871	15496119
15415108	15582942
15802691	15395604
15670374	15751388
15649721	15448398
15735845	15920235
15984644	15866126
15921571	15994126
16001427	15795068
15492564	15626638
15990455	15885102
15748281	15635542
15817505	15794022
15685000	15728508
15459852	15568900
15568733	15808627
15971475	15881804
15610886	15426107
15418100	15952607
15720450	15568686
15988625	15539282
15564240	15655871
15943418	15455018
15699841	15524194
15929224	15379197
15663972	15646385
15966328	15820930
15640998	15969738
15664284	15486645
15600677	15376704
15587420	15510342
15508682	15519963
15492030	15653830
15927073	15756578
15652461	15657101
15802640	15671062
15535121	15647454
15886309	16002452
15467014	15688119
15565416	15657767
15444751	15906719
15641082	15918710
15552236	15382432
15743058	15760333
15890259	15422029
15719727	15573840
15406042	15628392
15490564	16014329
15459188	15388503
15722515	15576407
15466337	15902653
15951586	15702305
15825661	15768144
15931433	15431754
15948616	15754980
15890963	15483884
15793131	15407649
15841948	15483979
15895093	15617346
15680920	15713386
15512401	15835590
15754453	15729058
15506416	15403013
15806664	15912894
15595146	15641337
15809013	15693761
15777551	15540025
15646397	15749711
15404647	15807984
15378838	15995675
15447728	15659262
15545445	15945373
15846536	15837304
15816783	16017535
15863952	15473971
15864697	15439716
15517035	15812301
15581119	15523453
15518795	15908036
15421702	15478508
15561030	15505952
15469889	15807172
15391549	15754953
15751105	15658513
15860335	15465139
15434857	15911252
15671577	15389265
15762542	15824382
15699832	15456733
15763263	15816472
15720656	15885190
15806316	15545949
15818557	15550735
15842607	15655944
15719665	15629925
15839802	15762149
15782851	15943215
15433902	15805785
15869160	15649238
15787506	15779859
15513015	15691026
15542804	15674785
15501090	15903526
15515692	15978857
15988785	15814194
16012326	15597841
15738757	15473808
16007268	15641166
15951761	15990587
15728895	15635127
15551061	15475101
15462493	15959322
16006364	15482076
15857315	15618130
15661118	15565391
15377461	15946196
15988267	15560760
15673304	15450557
15429620	15381838
15770651	15713835
15817405	15666228
15667552	15377551
15416730	15985645
15579431	15421181
15662967	15717621
15709910	15690124
15648459	15405777
15833070	15483515
15791235	15919079
15410332	15911194
15843332	15960324
15765029	15614998
15708544	15603970
15598929	15439571
15864880	15593936
15993187	15689935
15494516	15482519
15998364	15924699
15729904	15515294
16012109	15854987
15721993	15938233
15389564	15569745
15757246	16001131
15534975	15594218
15491359	15990763
15594262	15453787
15840694	15949763
15737000	15627872
15390438	15744220
15458596	15450492
15413995	15565577
15834556	15467204
15574980	15472267
15778320	15783246
15503755	15881475
15489534	15796145
15750617	15560044
15674430	15886518
15737752	15669350
15646932	15917430
15552461	15758002
15449128	15432541
15763806	15771081
15995694	15478579
15407592	15827831
15454724	15795537
15967612	15796985
15724349	15787018
15889951	15820377
15715480	15753484
15822808	15776937
16014031	15562861
15823302	16016914
15387652	15931394
15770336	15719588
15597561	15866456
15988863	15908247
16014725	15918030
15416779	15548962
15697473	15565282
15656203	15684019
15991162	15902987
15581938	15952709
15942491	15894960
15431254	15602095
15959695	15633878
15719137	15914541
15657462	15622438
15913361	15604248
15754097	15460532
15787019	15960170
15951886	15845334
15857199	15666355
15846482	15998268
15885642	15387218
15673521	15687913
15568194	15836076
15600661	15539786
15666102	15407480
15748948	15418323
15538117	15679911
15681568	15668009
15440502	15601067
15946659	15555155
15547852	15814761
15596677	15616660
15770355	15515924
15956801	15930972
15533445	15849637
15565949	15588510
15795356	15656621
15938084	16022779
15974063	15837836
15449001	16000256
15393267	15886115
15388237	15968242
15415007	15662694
15888323	15390383
15909676	15645535
15599543	15775968
15833116	15879318
15532487	15800025
15728992	15608568
16020652	15823877
15663903	15406976
15795720	15926707
15588681	15950234
15551391	15458442
15870585	16018773
15636689	15611762
15570844	15457813
15662888	15493023
15801228	15795373
15878550	15813294
15608832	15944768
15385607	15620698
15413974	15640990
15532509	15464310
15926457	15657281
15518962	15720133
15770838	15765602
15959225	15402308
15774694	15583282
15940892	15842920
15614291	15965739
15957087	15768723
15983444	15570105
15558875	15975834
15978179	15998616
15726512	15681276
15925735	15515347
15595903	15807353
15666998	16002304
15837906	15713370
15664008	15538293
15827641	15598430
15626223	15932071
15704462	15910634
15765051	15515432
15787093	15478283
15576782	15375886
15744247	15487216
15526507	15898951
15678839	15734609
15521284	15949504
15824436	15622445
15833408	15624784
15866353	15637253
15810675	15641680
15377268	16010001
15510588	15748599
15480722	15929316
15608495	15572127
15917320	15664802
15474904	15777362
15641140	15837822
15744403	15981456
15501378	15731441
15606869	15655132
15951388	15736316
15922566	15629838
15628833	15867687
15498956	15562641
15385407	15446972
15912763	15597634
15496407	15682386
15968255	15994351
15662977	15540518
15701451	15804759
15582084	15820962
15821658	15901777
15936066	15874373
15786289	15471059
15604170	15994612
15887476	15943679
15770134	15846036
15846085	15955062
15636249	15884693
15413387	15458079
15402058	15729933
15811410	15517801
15519885	15607192
15629387	15761257
15738170	15408934
15934573	15487274
15595096	15960925
15887436	15630763
15781433	15728347
15653458	15513675
15984338	15392101
15474495	15737182
15500352	15961384
15759962	15822351
15978100	15515530
15536684	15590677
15646992	15393299
15423162	15916130
15487385	15873260
15943637	15635286
15538562	15541795
15572636	15422263
15652396	15539268
15813159	15787429
15528388	15797097
15942926	15509466
15638233	15442164
15603485	15965889
15883203	15964617
15525101	15815749
15611436	15575003
15651779	15662687
15585422	15703041
15588251	15460045
15780127	15670385
15893532	15621419
15725703	15656959
15848366	15588717
15848489	15517389
15876307	15986180
15940763	15580447
15541501	15763952
15464751	15846792
15744582	15766971
15410970	15594165
15665939	15505499
15398469	15922477
15617595	15584433
16011236	15540051
15432666	15416517
16021796	15798197
15662078	15984110
15484455	15561017
15701361	15903637
15669223	15661696
15550337	15494451
15379266	15751018
15705139	15980671
15908396	15707081
15482319	15816882
15463749	15492014
15747337	15378392
15726772	15876127
15510292	15803287
15995452	15383960
15568540	15925147
15584116	15780674
15380382	15923177
15946986	15638033
15929580	15471942
15438175	15841001
15918231	15814407
15536217	15481564
15811835	15922453
15478186	15385400
15791681	15409300
15778262	15762242
15560811	15712613
15514998	15427462
15517138	15682391
15731740	15716373
15869157	15969512
15620837	15988943
15402143	15791095
15713998	15709779
15719700	15823594
15721809	16017147
15479373	15652750
15374885	15854004
15757883	15589247
15445155	15814000
15523180	15387482
15730820	15629540
15452070	15685233
15820913	15506834
15426961	15562419
15642182	15496691
15664830	15873365
15905477	15904242
15699802	15458490
15947802	15383814
15939846	15992825
15619113	15867752
15985800	15462205
15901238	15752770
15499726	15919179
15950228	15390414
15848929	15853983
15434752	15449140
15491731	15416751
15408513	15690463
15446439	15436421
15717173	15475900
15572333	15993530
15690144	15506917
15973209	15602634
15417745	15975598
15976171	15455506
16016178	15634893
15423636	15467458
15796638	15691182
16010858	15672858
15869964	15384310
15712263	15999794
15497457	15833591
15451076	15780279
15612738	15642201
15520761	15612948
15844768	15919994
15690909	15468096
15889453	15597511
15492072	15742097
15740239	15627733
15381943	16002090
15859266	15581777
16009079	15732941
15538089	15701913
15986852	15591656
15841281	15578965
15581118	15894371
15802125	15445593
15571149	15909761
15760452	15563034
15876580	15594296
15965979	15871525
15461466	15662215
15432605	15793858
15537813	15683327
15784748	15831844
15475463	15631483
15814299	15865140
15497140	16011008
15408779	15876336
15488734	15540149
15845347	15876601
15885901	15385228
15829012	15633709
15884117	15562049
15422801	15996577
15600129	15425363
15683714	15400711
15642157	16027115
15543054	15689339
15834679	15976521
15734640	15422026
16012310	15837518
15555955	15882460
15455044	15669776
15486237	15713334
15967351	16022527
16010980	15994013
15663372	15383792
16012046	16005359
15712649	15815735
15825003	15630171
15587845	15742915
15441417	15945032
15474349	15454379
15814746	15923953
15752792	15505100
15828864	15514198
15903627	15931652
15645659	15405784
15931361	15812769
15801527	16000344
15386789	15385383
15567155	15640540
15704548	15871126
15464780	15802101
15448823	15726689
15918775	15983365
15897825	15449335
15815997	15941663
15714408	15659783
15963013	15663937
15713706	15962613
15764423	15834595
15383890	15675156
15883904	15415980
15587789	15783440
16009777	15605661
15653063	15862360
15559666	15470041
15956580	15384384
15425445	15483077
16001117	15650672
15606024	15943592
15465023	15765258
15849242	15645928
15884927	15858023
15958562	15755048
15601307	15859681
15874619	15843549
15812401	15441676
15831227	15837196
16005441	15587189
15955073	15376291
15479955	16005401
15638384	15967766
15710834	15545392
15718467	15678700
15570685	15751824
15455276	15895714
15572145	15825408
15430769	15802482
15959479	15384958
15457758	16020492
15480864	15667606
15502700	15924560
15629508	15548075
16013907	15652488
15380981	15406112
15395095	15554090
15994061	15858270
15809143	15659887
15984294	15882842
15882944	15736320
15947358	15768817
15413862	15926774
15777493	15594551
15428229	15871478
16007502	15849914
15576884	15827069
15665493	15543037
15948014	15423947
15608594	15426938
15378859	15837342
15575566	15709883
15845243	15408986
15679885	15914600
15682390	15882503
15694567	15653822
15426628	15791661
15376685	15517717
15641149	15668740
15396165	15602981
15837276	15521156
15388166	15723055
15761824	15522182
15485769	15628447
15823757	15507431
15730883	16014967
15801236	15570302
15464533	15698831
15448052	15999166
15543785	15633266
15608134	15587046
15671025	15563284
15668891	16027292
15987712	15668334
15384363	15410038
15963371	15681433
15721649	15458494
15533732	15620299
15898902	15974556
15836459	15728829
15847078	15672723
15505779	15606693
15486989	15968093
15740446	15675210
15902828	15857942
15426799	15919392
15767636	15511638
15703498	15717267
15855668	15852578
15731068	15624872
15390635	15452506
15918890	15946566
15584076	15923477
15686096	15724587
15866716	15747590
15614799	15578837
16015604	15527080
15998692	15817864
15870135	15863069
15574074	15791334
15622188	15606815
15706249	16017033
15875912	15730106
15377547	15622805
15430486	15723038
15548086	15736689
15492865	15990289
15535801	15397428
15391564	15936493
15655047	15610157
15428570	15818419
15742737	15678488
15406942	15677651
15764504	15793801
15633336	15872510
15708777	15900204
15901378	15982705
15737753	15724989
15841642	15829569
15972651	15518348
15600922	15616486
15694962	15631869
15760849	15702111
15827774	15488438
15840118	15905303
15428907	15582520
15840279	15452135
15866058	15748874
15663889	15760634
15831007	15390354
15691522	15566572
15909798	15623737
15473247	15612276
15915059	15952807
15496451	15931056
15646550	15565203
15558388	15730553
15673261	15926725
15909707	15679156
15717034	15454562
15661497	15983687
15876436	15752411
15489344	15414339
15824894	15634402
15859166	15508594
15584851	15663319
15833262	15479734
15590384	15754146
15551068	15475209
15658923	15504779
15425925	15482339
15899479	15717198
15431926	15805164
15948327	15954410
15406128	15607895
15685848	15938676
15755696	15837757
15426714	15466690
15964569	15860559
15809471	15993881
15417571	15656528
15950103	15400720
15595537	15459566
15517114	15614336
15709541	15855812
15412598	15497467
15958299	15740485
15762996	15691363
15837157	15949353
15962702	15590979
15409720	15684271
15523432	15637482
15399001	15879976
15986697	15759266
15867303	15393583
15992700	15771930
15721014	15483400
15833947	16016338
15965123	15796161
15721505	16004102
15916085	15958210
15411097	15820158
15510600	15671470
15701832	15767304
15786105	15528884
15706660	15977523
15460986	15567279
15812485	15850610
16003336	15783624
15727112	15676828
15422292	15772850
15879118	15908799
15579257	15661944
15438761	15457180
15940248	16017550
15586465	15722616
15857387	15533397
15522246	15987336
15623074	15694618
15761726	15425890
15636255	15915638
15864519	15514713
15594166	15789793
15773465	15982852
15428926	15724465
15450827	15651730
15679811	15920694
15861556	15610761
15400630	15891641
15958112	15758582
15470515	15610976
15980265	15434842
15663325	15486841
15522656	15637468
15674903	15627138
15496727	15444650
15440068	15581120
15648592	15588461
15681293	15496323
15961318	15765037
15656242	15718816
15852433	15831111
15844352	15441011
15855072	15953115
15840657	15868967
15967651	15955100
15390881	15614154
15795561	15820427
15972282	15716826
15569878	15433350
15586679	15730792
15495169	15583558
15415150	15694127
15843246	15917655
15534326	15960436
15376930	15698845
15823870	15570027
15424047	15618107
15907949	15556905
15921930	15497664
15763504	15690412
15882652	15526043
15545176	15396955
16015585	15657440
15860280	15822274
15652497	15824341
15552289	15848573
15504143	15797186
15847334	15389658
15752617	16002116
15682513	15477669
15699499	15838390
15594372	15762417
15962922	15781188
16003356	15971666
15405803	15575099
15986463	15663786
15782530	15605098
15590144	15409622
15722699	15861042
15857449	15411285
15905128	15946120
15904808	15820504
15849770	15477402
15963200	15471156
15643023	15509685
15812954	15652054
15434186	15918153
15695221	15978551
15759330	15384753
15721221	15392409
15872446	15649727
15403354	15742854
15942899	15602398
15444836	15442679
15798558	15849093
15652255	15480447
15469149	15399341
15821430	15631583
15464478	15515247
15472889	15954044
15446877	15422040
15993277	15939581
15443150	15942555
15457576	15941823
15751252	15823061
15533181	15427583
15727545	15958795
15810993	15923853
15605225	15672074
15654229	15461278
15387501	15663080
15500869	15752878
15998681	15430389
15976399	15952659
15413879	15992832
15724450	15938626
15713757	15647462
15525178	15502544
15931626	15429813
15505708	15676031
15980560	16007091
15519805	15655611
15887981	15420599
15695392	15784180
15659510	15380548
15670791	15397941
15921859	15921529
15842250	15477686
15740551	15621640
15699807	15741604
15475001	15780678
15936914	15876440
15476239	15414161
15906543	15523650
15847897	15928573
15945165	15858508
15894282	15448557
15481781	15876549
15427477	15402741
15935754	15608256
15767519	15833796
15606068	15640594
15850476	15975005
15717337	15836559
15409072	15954879
15932787	15930073
15794257	15792048
15503575	15994213
15777764	15627901
15518973	15414171
15473976	15701436
15938055	15919858
16013933	15854606
15455736	15656895
15752113	15683296
15896425	15867129
15487429	15804790
15738408	15678806
15758750	15849224
15855346	15536365
15859854	15653434
15864713	15597000
15677515	15795939
15461752	15844067
15659982	15724615
15685734	15933595
15929414	15454644
15716779	15984250
15590825	15703012
15485731	15505195
15850781	15942492
15928301	16011795
16022627	15731644
15673165	15432035
15883951	15666235
15844594	15936359
15754041	15647322
15585695	15589624
15761324	15661263
15404859	15393360
15839559	15582144
15672737	15616449
15826933	15405059
15571626	15544292
15961556	15944090
15397693	15597631
15831830	15872459
15868926	15515136
15970945	15871157
15803538	15925480
15603513	15488819
15800702	15528961
15900332	15903086
16017556	15754804
15977390	15729432
15813403	15553043
15740850	15575607
15605062	15972445
15422782	15747125
15504013	15411581
15410594	15716067
15760272	15700790
15422189	15531239
15412453	15646833
15804655	15945082
15412113	15599162
15449382	15412664
15603106	15515720
15639403	15832057
15436009	15879959
15753026	15678036
15922727	15869729
15603470	15949278
15643900	15393340
15519735	15979567
15765844	15441150
15940191	15731052
15464567	15912186
15803449	15705800
15774146	15919402
15463522	15959628
15436983	15389709
15659487	15400531
15701891	15611165
15559460	15919015
15814055	15864120
15685776	15762829
15791697	15738856
15517530	15815113
15582764	15963005
15977335	15401020
15969423	15529922
15647257	15556029
15670608	15551905
16000642	15397197
15662906	15635377
15587781	15754839
16022926	15662451
15886039	15812700
15520018	15394221
15483458	15608542
15522046	15543178
15555145	15989265
15692619	15398554
15694885	15886299
15803879	15849276
15924848	15561669
15929992	15960727
15488419	15507802
15995055	15708816
16026817	15705075
15895175	15476353
15796290	15907406
15581430	15927344
15392320	15505311
16011727	15577230
15628873	15977980
15968869	15597253
15862210	15545782
15705615	15511965
15762938	15467194
15860857	15400067
15481450	15523792
15430658	15603469
15572248	15685048
15839286	15711450
15627973	15586449
15778190	15888831
15658624	15653030
15495958	15488337
15995105	15593887
15548862	15655722
15532107	15578917
15997247	15418722
15625986	15615836
15511755	15700737
15650644	15782223
15627368	15933308
15475654	15846314
15670757	15700768
15444287	15848365
15626326	15587472
15418645	15548927
15456830	15912608
15562609	16002339
15741270	15969541
15419985	15774199
15902724	15937075
15920906	15476284
16014027	15647240
15804222	15755683
15652499	15510852
15433209	15471286
15488046	15389366
15713073	15679574
15450507	15826668
15399526	16015722
15675695	15505465
15524489	15937166
15749590	15573487
15673467	15744900
15997683	15738512
15949396	15748414
15558311	15619278
15407224	15644963
15827400	15813253
15660971	15967385
15830657	15764720
15770927	15557939
15460975	15391776
15849043	15600590
15694245	15391495
15465354	15594383
15683600	15575257
15505452	15590941
15791830	15502592
15934448	15624422
15879128	15754307
15686054	15403057
15471403	15434458
15804666	15588886
15892482	15874271
15495287	15712548
15405431	15496008
16011033	15473551
15961723	15808746
15460169	15930872
15777353	15888936
15981529	15481680
15607490	15785589
15926967	15780523
15539020	15601976
15393463	15455230
15775917	15921231
15393143	15426479
15816926	15794376
15523612	16011770
15644176	15626789
15766471	15391635
15651164	15576391
15992564	15871176
15491401	15618649
15833585	15942437
15485389	15969171
15979040	15754617
15412780	16013496
15410163	15686562
15672208	15554980
16019998	15546570
15400872	15411624
15876295	15994324
15746206	15903708
15841770	15634292
15805102	15622371
15827241	15382065
15893470	15655347
15865623	15888592
15765059	15629290
15856198	15869848
15984200	15908834
15676444	15680872
15377491	15983327
15789007	15494874
15959191	15464352
15404701	15413650
15733226	15989409
16006230	15672299
15578116	15656306
15637791	15970707
15638172	15754045
15821950	15605041
15460825	15996066
15783425	15792252
15808470	15673871
15991446	15965038
15429512	15945919
15648004	15912060
15752653	15914308
15468508	15726712
15789726	15529801
16025357	15974832
15493480	15553259
15577370	15836837
15741939	15539708
15972922	15378316
15843628	15953292
15814956	15850139
15610482	15422123
15519863	15566520
15460220	15860510
15865963	15858796
15553835	15651473
15929623	15668037
15907954	15942334
16020942	15669341
15969617	15961866
15725961	15683758
15528394	15925289
15963650	15930149
15736828	15993102
15668152	15854053
15643845	15581898
15556982	15950605
15528573	15933855
16019539	15443315
15447719	15983543
15842485	15912674
15786232	16009704
15982288	15432050
15758614	15666548
15877218	15949273
15687618	15809717
15375825	15875321
15636861	15592041
15794289	15377157
15917157	15558842
15998398	15660878
15833513	15547682
15604273	15956818
15378767	15484718
15852861	15849407
15589128	15856553
15753351	15680533
15743043	15597622
15567933	15630033
15848626	15620380
15806181	15446038
15984926	15996314
16000396	15578927
15570492	15855882
15930176	15999420
15569693	15841043
15767839	15816292
15410528	15481324
15676255	15672763
15715160	15955160
15641279	15963857
15659326	15425975
15931297	15833969
16021658	15723695
15885446	15509795
15899602	15754017
15954843	15826844
15733738	15622552
16018464	15974196
15568931	15667152
15457211	15609998
15637494	15569887
15889692	16004988
15883081	15469648
15996168	16026166
15886991	15440336
15991243	15615549
15634888	15888856
15923775	15764310
15658413	15872635
15400636	15529672
16016899	15746647
15472814	15764696
15671556	15516961
15564835	15591265
15747635	15758758
15685692	15904471
15464067	15599267
15736860	15499847
15470687	15516799
15617478	15704675
15637664	15464268
15533935	15633333
15720866	15949452
15625872	15483632
15980935	15383237
15597366	15803052
15437233	15911130
15800875	15410408
15464052	15894816
15838463	15499840
15640819	15484328
15716728	15914670
15779149	15474467
15428765	15383049
15541237	15431885
15842368	16026194
15777212	15767995
15585564	15725045
15618408	15407871
15831564	15539577
15891113	15613394
15806124	15880468
15388450	15495383
15642625	15878032
15738009	15837926
15681820	15444322
15814874	15751563
15825530	15622096
16020895	15492746
15379383	15973509
15986404	15757965
15462897	15384154
15480681	15390149
15760010	15788620
15907913	15882289
15724612	15861511
15924599	16023515
15484400	15976677
15560512	15759927
15697108	15619663
15405079	15512424
15789023	15774023
15554318	15928269
15501061	15532228
15519386	15899928
15399191	15551132
15542487	15519415
15807932	15684839
15869670	15441240
15613959	15396363
15740616	15840025
15701084	15657706
15631313	15734798
15647931	16002910
15879552	15555703
15588122	15949926
15566753	15542443
15402384	15699783
15774848	15416223
15625459	15630592
15378373	15982464
15820634	15903607
15526184	15860567
15400790	15867900
15952449	15380174
15529382	15567993
15556785	15987322
15690508	15955913
15792272	15905814
15583532	16026093
15907511	15885120
15667860	15692845
16008976	15445971
15828080	15948958
15622169	15428078
15800128	15667200
15482478	15450172
15615917	15744578
15984285	15524958
15854073	16019299
15643280	15540154
15989342	15996240
15432075	15724516
15811969	15902578
15772824	15480992
15664019	15919763
15462966	15761340
15867562	15917203
15725845	15986516
15729625	15956647
15457884	15830797
15549775	15970475
15400155	16008688
15407732	15741072
15792217	15686741
15788096	15944235
15563758	15621507
15702249	15549632
15408346	15731996
15641989	15462624
15774961	15760863
15612323	15974370
15642512	15425352
15585417	15410849
15829635	15387530
15476060	15913060
15494992	15642038
15935498	15830488
15411477	15815595
15806403	15462979
15764569	15759271
15382265	15489277
15700637	15955266
15870347	15995916
15470628	15945394
15887311	15506889
15406943	15902413
15927004	15516307
15857941	15852096
15711814	15641441
15545316	15959980
15511220	15676059
15785816	15960518
15380848	15558071
15687352	15767360
15724971	15598814
15804318	15774589
15543245	15971810
15642773	15803608
15865426	15551089
15634045	15508687
15752186	15671389
15552901	15606526
15593933	15924047
15559466	15727543
15988359	15435242
16000114	15528939
15848097	16010314
15448530	15969820
15613641	15669568
15511364	15978602
15911207	15478103
15958000	15389115
15704554	15519600
15490544	15477316
15706131	15654809
15586967	16020301
15403558	15670955
15654470	15766834
15398118	15452125
15766841	15935034
15834479	15531778
15384806	15627619
15826590	15645360
15464033	15912810
15973271	15645089
16002939	15653226
16005458	15777216
15656954	15615533
15431762	15407782
15619629	15442300
15793972	16013917
16020278	15851071
15642832	15664588
15942751	15440287
15931156	15467806
15548382	15884377
15626758	15851004
15671425	15727080
15968698	15378308
15776280	15617657
15548630	15582643
15472174	15958454
15988926	15414618
15390555	15894759
15918975	15909854
15533508	15483992
15631209	15471848
15688396	15598270
15920844	16003126
15850483	15901370
15544287	15508428
15380565	15823273
15786845	15497780
15931423	15794158
15500207	15533088
15471444	15770036
15712803	15859660
15471806	15996223
15428460	15777830
15382015	15957576
15442519	15410409
15484728	15565191
15444211	15448936
15993604	15711687
15475489	15471406
15892808	15856131
15695128	15750657
15536108	16018933
15623045	15731423
15745242	15393244
15604712	15842993
15395971	15438938
15433850	16017873
15540440	15724746
15405922	15427349
15568482	15680522
15607933	15854701
15631789	15996857
15990816	15762856
15574757	15699345
15446918	15421393
15925942	15403372
15931710	16011164
15784806	15708032
15981213	15459151
15651513	15500014
15892557	15461379
15537020	15644424
15915415	15808094
15919792	15520624
15431112	15894894
15962310	15866457
15750117	15976072
15530188	15489394
15628058	15886841
15738279	15958334
15646229	15920931
15524810	15544573
15860920	15977616
15615057	15998543
15394668	15639423
15517562	15426028
15907544	15412205
15482028	15584275
15763209	15715491
15860308	15445028
15587323	15479000
15719752	15785333
15443198	15919423
15856159	15750705
15521392	15987349
15849647	15436271
15696075	15888928
15594289	15685619
15543065	15912582
15835300	15891213
15582224	15419050
15610585	15879785
15449252	15996094
15502577	15848934
16008631	15824302
15717112	15569560
15976248	15607309
15556673	15538099
15938781	15937884
15680056	15653735
15576805	15479983
15472214	15479544
15700294	15738572
15465592	15877022
15382149	15553279
15784949	15613141
15695430	15696053
15868759	15816144
15788265	15786993
15387974	15667726
15385821	15852560
15484039	15804175
15596724	15724417
15972173	16006357
15462361	15437849
15835382	15992227
15966193	15882227
15627379	15812372
15655003	15701530
15684452	15512639
15402840	15694098
15418616	15676167
15649916	15515523
16015955	15814942
15411671	16015767
15701163	15783794
15945451	15902490
15698757	16020123
15969410	15603208
15591487	15582758
15713579	15441005
15920901	15864158
15936550	15841764
15847624	15815338
15489265	15505422
15844122	15632622
15669229	15483672
15876426	15907276
15540711	15503496
15660709	15497250
15601804	15584689
15762492	15667615
15484214	15562215
15578074	15728592
15668647	15387892
15441773	15647354
15537938	15687691
15448442	15918728
15726930	15933777
15544444	15634221
15698633	15629154
15635650	15859439
15829016	15424112
15562754	15533487
15483850	15967527
15874945	15563962
15705729	15786626
15878420	15624318
15443483	15376522
15492844	15558090
15841356	15911450
15860731	15443924
15533319	15987526
15617876	15589357
15511264	15463119
15398002	15899665
15406727	15877823
15400049	15790686
15840319	15617286
15386510	15722309
15892676	15461671
15376278	15582086
15515963	15710353
15547167	15385954
15966880	15903075
15604031	15546558
15776658	15873802
15711275	15441122
15519657	15642763
15443006	15781365
15544591	15724456
15724110	15993491
15664720	15944708
15827448	15718960
15607714	15508403
15656427	15568047
15770904	15464911
15798672	15598540
15976114	16026912
15409618	15641191
15415588	15747649
15649687	15471401
15757395	15680926
15635459	15591008
15970573	15417389
15417178	15443429
15967972	15818785
15808911	15755050
15483702	15822671
15641215	15840803
15818510	15963654
16018576	16021527
15947363	15573606
16005347	15475293
15812913	15495063
15763656	15864438
15649388	15910830
15762788	15720975
15412968	15532739
15714655	15600879
15660652	15433363
15875981	15969245
15880687	15927363
15420458	15780499
15990924	15824915
15395376	15937905
15972793	15780755
15689313	15523104
15428514	15769313
15910690	15662419
15657828	15637583
15775083	15416977
15581011	15619652
15791714	15733969
15424915	15869959
15418865	15458855
15690626	15561553
15712756	15721452
15485223	15939419
15425706	15797513
15413677	15723551
15574468	15778350
15694321	15730659
15452266	15916443
16012844	15902362
15857070	15554595
15653752	15873887
15569256	15475855
15428806	15683834
15634680	15806486
16016728	15666616
15533904	15751733
15853900	15513108
15972720	15613379
15631779	15455061
15500679	15555263
15489595	15818183
15697843	15764613
15934415	15769168
15456178	15711414
15826224	15804778
15668179	15711458
15964252	15702080
15909522	15560581
16001534	15469404
15589805	15390495
15565348	15439071
15672416	15846526
15955991	15704032
15735491	15955755
15819353	15582172
15620579	15682671
15783470	15635579
15435925	15639380
15763854	15629478
15999854	15513088
15957695	15768633
15957852	15518811
16019542	15954407
15757499	15912091
15889443	15645447
15965029	15930861
15409138	15652824
15538298	15564051
15515111	15876804
15501691	15858294
15591886	15529377
15540218	16008658
15648926	15774166
15580226	15442701
15687693	15965792
16005702	15950514
15713129	15963853
15849765	15548583
15622328	15774714
15673086	15707177
15537578	15741565
15442935	15387744
15539580	15657351
15507540	15627678
15855708	15923859
15902186	15646794
15575189	15529096
15712114	15901983
15505946	15614595
15898206	15505014
15574607	15824590
15569840	15668429
15407967	15911320
16016916	15853525
15542159	15524804
15501493	15477760
15581984	15766537
15717686	15539386
15745159	15984390
15513032	15958343
15795864	15524132
16000164	16006200
15458369	15434191
16025670	15875557
15856274	15790163
15948259	16010570
15389093	16020146
15543587	15794906
15961579	16009386
15739645	15802092
15690108	15404126
15622134	15717850
15454052	15865606
15716560	15777500
15887681	16012841
15884764	15533048
15964964	15537085
15877181	15956221
15610689	15422282
15650101	15462492
15968976	15940320
16026773	15758693
15432592	15407339
15680475	15757710
15562193	15848944
15883810	15379121
15892837	15974177
16021327	15810113
15789536	15897784
15483983	15917578
16000854	15983230
15715698	15982160
15750232	15994729
15773055	15952213
15843488	15687481
15474439	15581269
15812309	15512493
16000818	15410488
15454238	15618370
15982564	15969862
15604417	15860152
15648685	15601867
15842732	15671155
15494525	15633169
15575316	15763025
15550768	15941262
15890731	15736928
15470573	15930520
15461770	15871119
15399355	15738215
15772888	15694785
15851515	15664347
15651442	15657749
15437177	15516246
15577019	15955049
15447587	15412487
15483343	16012266
15565250	15981788
15840546	15597323
15890126	15415179
15400433	15983627
15857111	15871390
15641245	15397441
15482461	15418020
15529030	16023690
15464263	15598086
15951377	15410962
15961643	15785043
15509286	15578977
15997599	15950182
15733964	15824078
15706502	15809615
15805861	15855123
15593224	15505775
15968258	15871377
15983596	15975135
15892417	15787570
15535369	15755881
15983931	15439917
15565665	16026191
15899933	15530053
15549546	15615172
16006224	15869801
15785979	15898946
15382586	15774499
15645316	15485741
16005123	15404245
15931177	15594564
15399943	15793420
15667065	15881879
15762335	15994097
15471279	15995252
15804249	15850572
15543227	15379871
15547322	15738182
15668493	15650467
15591696	15650823
15705260	15931942
15891884	15418746
15667624	15476924
15688514	15381857
15929814	15514916
15555965	15511562
15880301	15997370
15711209	15886900
15506947	15630635
15748965	15381732
15696401	15822895
15640838	15750922
15421506	15594905
15695561	15749646
15542702	16001567
16025632	15440731
15572371	15553193
15427596	15919965
15903830	16027024
15613486	15645398
15475910	15689682
15902154	15968537
15917025	15978199
15946804	15760941
16012256	15447998
15917715	15589587
15681836	15897357
15457635	15977317
16027167	15899722
15461481	15731059
15425264	15761794
16026911	15657362
15587535	15897540
15989016	15442994
15585457	15584046
15878460	15630075
15628312	15615387
15989588	15902662
15560263	15859037
15469034	15944419
15788262	15784775
15452802	15991586
15978421	15734220
15949281	15996812
15636602	15828884
16002869	15416577
15635597	15835685
15868814	15874266
15411771	15720671
15591830	15855842
15606188	15589904
15609051	15998040
15936893	15612616
15760916	15819028
15954097	15461284
15678404	15684464
15919431	15548214
15925490	15525055
15956304	15925009
15769753	16021086
15612383	15925812
15463945	15405262
15431967	16025115
15834750	15747550
15640190	15515579
15758870	15876161
15660085	16026967
15805947	15473802
15487959	15954980
15544777	15794040
15962502	15804351
15538513	15500893
15400990	15516300
15805329	15733620
15787984	15452062
15872555	15424728
15493002	15745625
15675068	15953941
15723448	15425456
16013613	15790738
15770426	15609011
15794388	15456986
15712231	15660247
15972997	16023042
15954078	15464384
15691410	15745325
15547204	15388296
15791288	15478544
15879534	15441538
15932504	15518677
15885105	15414741
15500938	15998391
15563815	15800335
15826191	15632111
15866006	15690639
15470949	15705268
15541189	15419467
15479990	15793934
15482668	16003032
15947923	15512894
15601538	15989073
15873671	15601944
15745411	15494952
15381260	15641779
15802371	15631033
15728085	15728582
15381713	15648954
15384579	15879694
15549900	15628145
15979528	15675574
15846016	15903297
15997758	15591250
15737551	15446434
15492320	15377186
15937890	15416920
15423200	15763280
15413865	15724432
15950032	15856485
15693733	15824606
15433546	15486407
15892868	15620850
15913386	15674545
15401611	15950011
15493511	15586604
15720276	15558353
15627356	15818605
15506929	15879866
15429515	15505406
15641043	15910562
15722577	15931541
16020632	15499383
15936760	15404450
15485590	15596430
15994994	16011546
15744697	15502120
15673488	15554616
15779684	15599808
15463461	15918452
15986761	15568769
15891440	15536397
15659956	15616621
15724492	15478928
15762599	15397271
15388831	15668051
15914570	15964523
15866923	15644283
15890777	15972939
15810932	15760669
15976102	15948624
15815229	15795382
15545367	15523920
15821282	15921093
15419970	15647696
15722707	15788012
15699172	15707233
15608527	15444436
15432898	15618751
16015707	15810693
15547521	15509930
15713891	15699728
15575467	15973879
15471484	15667279
15381746	15901306
15675795	16007066
15958794	15732597
15745552	15905526
15864611	15394300
15788683	15493929
15833242	15953807
15681122	15831658
15478631	15553148
15660082	15743848
15630949	15650600
15990858	15692885
15895132	15837066
15703468	15438520
15970713	15720006
15913019	15747416
15889971	15420236
15892070	15379161
15784282	15907320
15486088	15997754
15796071	15715123
15550306	15773723
15376644	15407107
15849236	15449079
15666227	15605703
15589104	15940596
15885082	15660095
15793892	15698666
15782730	15828309
15591708	15577660
15386475	15479015
15579790	15715717
15451603	15584964
16013227	15675741
15623714	15670983
15880667	15762901
15383180	15794470
15976915	15951693
15880637	15569130
15479611	15559337
15967494	15689480
15613266	15378986
15520331	15784786
15801600	16007380
15692878	15744351
15870276	15724032
15461319	15900405
15541681	15839684
15897997	15377288
15831730	15971582
15793860	15623418
15608992	15727910
15407018	16023873
15734688	15579461
15934522	15962067
15906348	15710583
15575264	15865024
15552918	16026063
15962946	15389672
15480360	15731135
15384654	15959249
15988970	15515525
15892025	15710216
15404688	16008901
15614582	15475539
15807189	15539787
15656788	15584941
15906329	15540934
15656165	15832776
15672749	15763999
15437716	15746870
15414688	15879707
15403302	15978210
15382677	15758368
15663671	15764122
15854637	15586101
15709606	15399325
15536819	15546491
15667186	15970491
15554863	15593456
15402932	15786601
15834969	15643978
15865947	15785818
15420231	15700032
15662858	15595019
15679866	15780357
16016675	15842875
15844756	15786527
15981921	15976985
15410737	16011392
15786417	15944018
15463970	15601092
15588878	15379682
15516063	15959891
15626141	15927072
15477808	15718089
15389511	15579416
15723806	16009625
15673298	15952993
15752515	15718495
15447347	15482804
15639525	15703330
15949407	15632682
15969463	15791443
15955528	15785002
15843758	15677305
15823686	15713954
15552959	15610856
15537701	15855876
15682014	15462907
15563308	15648316
15598713	15560695
15755949	15633036
16002666	15516821
15999045	15780375
15822695	15470804
15885845	15628374
15908789	15382341
15645232	15857419
15560932	15410729
15818715	15652133
15942624	15792628
15617993	15802589
15874959	15459936
15450032	15741949
15431378	15954852
15446219	15926185
15450226	15817890
15402550	15925240
15726870	15890447
15958768	15701218
15613635	15544782
15799032	15388710
15411545	15609535
15678729	15776886
15740353	15575062
15977910	15730870
15603845	15724207
15871943	15772573
15475310	15415469
15949748	15500599
15925195	15809029
15614446	15998694
15820874	15666619
15561369	15624264
15462531	15671906
15778294	15890684
15631290	15698488
15891185	15446567
15821423	15742265
15987462	15805318
15922272	15683734
16004299	15385285
15583364	15984907
15519905	15962964
15856366	15701756
15864309	15446465
15930460	15969247
15725656	16019070
15636571	15965659
15380283	15915538
15615677	15974658
15883239	15679584
15481024	15918769
15690415	15823178
15984311	15932727
15552076	15617475
16015429	15383342
15975961	15767032
15668516	15474271
15417083	15614822
15871458	15957541
15728623	15669742
15396092	15430911
15834628	15736826
15557699	15717959
15948899	15460315
15597399	15551608
15545305	15397148
15905468	15999246
15640309	15679785
16005319	15807323
15481416	15779941
15978071	15913929
15891962	15501198
15515551	15392936
15750941	15782856
15619503	15469431
15987355	15432957
16009461	15599414
15399998	15497974
15833323	15721233
15821166	15820856
15827658	15737977
15724208	15608465
15970263	15841241
15431852	15428392
15509471	15656685
15897014	15426123
15969956	15400039
15521825	15801213
15693901	15962903
15988974	15891783
15470309	15633953
15553685	15437306
15481391	15425284
15676051	15667593
15387258	15574691
15482015	15911157
15484846	15419895
15991793	15726457
15552731	15453647
15442313	15401491
15427569	15950192
15635635	15586819
15981065	15451033
15528038	15957165
16026702	15699239
15405567	15605530
15694725	15985961
15399471	15447589
15393361	15483665
15568226	15683099
15381262	15634145
15884038	15401883
15985327	15821391
15958144	15921098
15846367	15851084
15818050	15593710
15742140	15761965
15524476	16015645
15736622	15971371
15456010	15833286
15380089	15599728
15449076	15386707
15395471	15873278
15768480	15523367
15696679	15822837
15885857	16021108
15854309	15993408
15837135	15725915
15558864	15769394
15851036	15645816
15577743	15386617
15527950	15615666
15803156	15706149
16012211	15482241
15751696	15693146
15942179	15752587
15443064	15716352
15792524	15876201
15846913	15860140
16010367	15801761
15812798	15911492
16002941	15766846
15839557	15491897
15838234	15817051
15915097	15388836
15646200	15659575
15971737	15791298
15661667	15970296
16022213	15668599
15492702	15514452
15875798	15535390
15879920	15956479
15455256	15632596
15554293	15701724
15440375	15800582
15487140	15385392
15722397	15480989
15662366	15877196
15424330	15738453
15405305	15634872
15964143	15998748
15641014	16010735
15741672	15560215
15979034	15376082
15813941	15827129
15889511	15683686
15804449	15704048
15765290	16000122
15993043	15733376
15864460	15876238
15934626	15994698
15567001	15899249
15817504	15731746
15378803	15929618
15532753	15479126
15762031	15569113
15785450	15647543
15660936	15682552
15812736	15800205
15394179	15819806
15638804	15801693
15886844	15666146
15848533	15487322
15821980	15886188
15409692	15546178
15920656	15548172
15921298	15937419
16007829	15437006
15396529	15831684
15952972	15529976
15468823	15563691
15847313	15716537
15513174	15620659
15859157	15876753
15699108	15943892
15971234	15605308
15847152	15440557
15579675	15538172
15578231	15996304
15399036	15704695
15518843	15846403
15528226	15680896
15530718	15804022
15997465	15376888
15432293	15692171
15912050	15592263
16005303	15545820
15897400	15700702
15422672	15789971
15433892	15514878
15918680	15891087
15610213	15973701
15758848	15763758
15641273	15634591
15423819	16002205
15570338	15839618
15736080	15542548
15686378	15429588
15780655	15514421
16005754	15376641
15776246	15429718
15745865	15512670
16018270	15391205
15960627	15703396
15388100	15600506
