15682680	15596884
15456166	15977140
15652404	15459022
15431271	15991029
15573085	15991808
15727124	15487346
15429172	15456114
15742439	15597105
15584077	15733375
15381604	15783957
15482566	15703695
15633794	15569542
15638637	15406781
15937580	16018842
15988676	15996444
15884301	15820234
15557352	15797788
15564757	15861325
15651559	16018020
15529276	16023341
15805494	15937095
15870029	15828141
15888400	15729421
15593080	15448084
15975178	15800088
15879865	15539417
15535396	15801678
15514745	15798634
15700244	15389819
16017867	15831578
15529237	15890792
15587697	15702856
15386349	15507605
15693130	15982079
16011966	16008349
15463758	15504918
15500244	15994668
15670704	15410212
15806611	15950823
15444282	15882850
15703708	15382002
15664949	15557233
15991471	15878970
15794782	15657648
15864051	15602745
15770144	15764236
15613730	15840073
15619167	15752659
15971939	15716793
15557292	15555568
15550021	15815824
15616589	15944371
15715793	15780433
15810120	15630668
15731094	15794940
15466548	15598018
15396638	15617141
16028031	15832809
15567256	15431105
15577200	15582655
15383609	16025807
15856477	15618628
15680504	15873661
15596666	16004351
15779536	15891633
15900651	15419405
15496893	15440870
15701671	15617714
15502835	15864395
15426850	15672202
15982251	15389217
15976278	15432937
15914759	15376151
15946718	15846655
15538357	15413167
15972334	15471015
15719460	15863968
15411931	16000789
16011807	15832634
15876928	15434009
15451574	15561837
15877202	15778730
15556291	15659474
15797739	15618396
15720196	15998938
15502350	15467534
15736445	15654617
15868370	15797584
15716928	15721599
15666279	15601593
15836693	16013391
15501612	15998309
15788095	15483683
15410698	15848859
15419269	15587738
15628729	16025907
15630933	16025907
15531750	15486679
15972808	15554866
15955544	15990817
15652036	15389763
15945338	15389763
16026695	15990221
15960409	15673981
15933572	15419605
15936498	15518834
15674645	15502549
15515926	16025661
15968143	15427956
15472094	15658392
15658798	15692707
15955664	15483197
15763248	16001154
15554563	15542524
15657710	15870407
15675073	15750973
15836014	15511034
15801428	16024552
15527228	15902687
15558959	15472431
15766870	15719270
15612509	15686786
15453475	15764862
15564081	15518300
16020248	15571218
16016153	15632195
15663257	15473676
15899624	15907661
15904582	15947020
15663086	15647133
15909284	15595116
15528908	15752612
15618658	15750631
15732935	15988063
15943604	15404940
15946038	15378621
15562446	16018183
15614517	15928498
15640177	15870149
15662970	15935486
15496302	15385880
15965250	15896254
15828528	15950727
15484674	15749604
15623835	15846861
15628306	15432366
15573343	15582177
15935865	15553742
16022607	15787062
15970282	15947620
15619380	15994455
16004336	15811421
15807095	15690743
15400815	15652302
15389290	15763046
15484986	15571494
15878091	15399429
15608900	15799027
15726692	16000159
16026713	16017284
15647796	15736159
15506843	15966610
15869167	15524030
15390072	15568903
15810365	15670349
15712000	15996849
15380834	15810509
15841881	15378881
15403364	15678654
15557105	15375145
15984622	15680138
15823274	15465237
15720662	15812995
15549932	15882648
15603446	15661938
15496680	15470558
15436998	15713262
15862332	15923762
15953099	15704684
15809178	15653953
15802014	15542743
15711160	15578358
15715466	15841020
15709462	15628412
15423705	15453309
15986190	15507745
15384679	15720703
15610932	15387770
15569151	15971604
15618971	15518650
15788372	15625956
15575348	15684881
15389888	15404777
16008700	15701376
15596225	15508924
15670451	15538819
15752137	15898396
15382139	16006879
15434513	15967589
15548899	15902414
15914726	15829015
15403980	15826851
15971340	15684356
15474502	15941572
15553432	15964787
15827217	15964787
16009063	15521319
15899942	15861750
15868679	15448882
15556162	15664249
15702688	15839074
15618569	15517210
15495718	15953887
15395502	15781554
15544469	15607799
15489765	15939890
15505147	16001279
15401062	15467923
15603799	15460485
15866107	16003152
16026303	15822374
15988890	15695992
15395180	15880789
15850645	15599936
15789948	15990336
16004129	15936837
15840254	15841051
15453740	15445110
15873262	15499849
15819359	15897837
15399790	15455880
15673409	15900808
15470578	15507839
15575456	15836750
15518552	16008500
16001810	15684897
15593737	15662581
15394522	15583242
15955581	15717271
15540016	15747235
15434831	15565044
15876386	15503213
15685872	15649308
15584546	15903943
15768450	15853790
15423415	16012963
15603324	16012963
15673737	16000836
15752974	15477790
15383633	15664199
15931630	15461219
15509351	15481484
15625957	15722922
15544352	15579195
15797723	15579195
15960725	15650425
15764130	15881871
15558506	15797665
15948303	15774553
15543545	15394892
15597193	15957062
15770846	15973972
15664411	15506530
15760180	15506530
15931855	15935695
15472626	15789657
16007098	15925282
15575185	15495912
15776422	15638887
15868482	16024036
15630521	15720511
15792843	16010711
15792275	15649543
15972203	15614339
15566164	15626667
15643708	15550316
15608809	15676956
15561444	15740420
15893921	15964419
16012177	15915361
15931083	15787222
15923054	15580977
15567864	15580977
15665286	15956634
15997401	15734042
15755983	15812120
15615558	15796323
15997174	15431011
15599836	15927540
15449959	15633471
15604427	15758770
15737639	15839487
15775450	15611861
15950287	15845090
15923805	15843999
15808841	15521487
15691846	15542613
15834851	15560306
15878444	15650368
15858439	15378887
15453734	15378887
15579806	16013436
15497873	15941837
15839372	15852078
15508953	15604074
15388474	15945558
15608970	15613916
15733312	15642116
15807309	15642116
15504662	15843748
15970204	15975907
15402185	15966492
16000441	15862971
15790379	15620138
15960108	15741118
15814002	15711602
15834861	15599946
15403198	15581317
15581773	15654347
15971440	15574879
15964798	16028306
15622701	15887387
15679690	15951025
15459396	15621038
15952350	15610231
15856008	15941226
15866337	15748394
15757925	15428667
15730811	15563362
15491066	15941741
15438757	15748321
15836868	15547472
15382490	15778327
15979637	15567484
15571554	15984325
15735346	15644170
15500802	16012034
15618213	15835118
15595140	15892198
15765193	15582251
15782583	15870634
15443386	15801677
15633641	15477693
15803421	15566345
15898021	15951900
15715096	15800797
15423899	15778616
15969146	15590004
15440831	15688684
16006238	15662249
15889575	15946599
15865090	15891483
15963187	15629180
15536647	15995564
15936718	15695297
15839555	15616352
15754222	15422891
15652265	15940373
15927371	15677420
16005635	15844371
15785009	15434243
15420671	15525559
16014560	15931586
15661619	15465943
15558853	15579966
15682034	15424364
15742553	15689469
15767752	15664439
15452079	15419238
15881811	15646321
15833716	15377684
15976342	15812219
15772682	15896069
15539699	15424236
15519477	15788943
15597889	16023495
15550883	15435639
15790968	15790383
15708064	15694721
15913035	15694133
15691949	15936592
16022150	15403087
15412031	15979233
15816636	15838258
15624128	15851544
15749126	15926854
15713157	15846941
15659121	15465479
15452049	15837770
15751064	15812587
15772209	15594911
15411556	15414023
16018339	15556841
15971970	15538662
15454206	15511605
15425552	15895811
15992078	15859831
15552596	15419686
15932491	15893151
15829808	15584910
15662641	15762990
15608990	15451418
15406069	15522651
15379603	15746406
15702292	15514123
15551193	15910242
15778016	15955567
15594727	15697951
15455712	15382555
15975748	15828519
15953462	15492190
15784905	15592537
15692553	15458668
15887307	15785388
15700900	15747365
15405225	15703274
15524851	15690115
15461912	15541101
15835487	15888793
15857957	15519755
15388612	15496817
15528928	15582449
15790214	15790529
15997842	15593427
15665173	15781156
15641743	15830170
15819826	15577942
15610326	15995829
15755408	15500009
15857193	15982001
15426600	15948612
15680068	15907072
15848327	15944937
15447475	15957775
15424141	15511798
15970665	15931230
15607810	15451522
15694338	15792787
15887442	15584617
15604391	15822993
15723605	15574928
15891193	16021876
15731524	15866147
15498002	15695548
15964838	15435419
15767437	15703220
15968540	15672200
15567414	15622824
15682539	15455386
15412881	15604725
15542982	15730416
15982943	15393046
15982556	15692863
15440798	15521730
15595227	15536565
15960911	15761544
15804603	15419795
15449816	15730177
15464320	15417829
15802784	15571014
15683210	15463985
15582913	16001317
15865836	15603044
15959956	15440018
15998569	15763564
15838871	15635996
15705711	15616758
15618607	15982505
15505250	15452275
15524462	15898324
15640228	15898324
15535271	15711081
15767442	15755561
15593868	15772578
15770573	15791627
15686965	15651152
15779779	15421899
15515314	15375021
15428088	15556420
15466293	15738771
15432967	15946961
15929028	15938920
15478468	15524634
15988375	15439820
15419600	15696409
16018585	15765913
15412635	15539802
15436703	15637850
15711774	15647997
15772768	16000914
15850983	15480669
15737541	15592069
15599602	15886333
15500554	15629108
15998506	15809986
15604727	15588255
15606675	15406351
15390459	15589110
15516739	15816758
16022406	15385160
15639844	15633436
15555667	15511622
15571758	15914162
15887004	15805693
15714174	15621147
15939768	15914709
15536898	15500907
15441228	15470725
15415839	15408514
15700168	15380407
15586917	15962419
15986272	15466942
15980292	15938689
15661980	15989047
15700835	15780223
15652779	15500634
15951065	15938324
15922264	15926687
15474365	15787473
15648567	15583673
15833488	15835542
15702290	15829273
15973009	15837021
15929620	15819232
15964754	15873460
15620207	15718641
15705837	15911262
15581245	15565669
15548885	15682510
15683242	15409016
15980979	16026814
15730742	15706338
15956617	15505278
15969885	15876367
15989593	15547832
15504651	15721184
15715045	15880387
15652036	15945338
15379514	15621976
15587556	15560564
15905595	15664121
15998724	15518562
15810759	15881147
15385773	15950488
15485824	15397232
15377051	15463657
15385338	15987236
15967845	15653955
15549446	15709565
15480264	15724831
15821618	15815396
15792015	16017819
15655877	15990380
15455432	15771243
15852792	15921398
15480723	15522805
15793214	15815992
16008572	15694989
15973729	15673947
15527130	15840727
15875676	15970366
15568222	15491412
15821594	15564744
15685551	15768170
15682996	15902814
15440177	15377804
15417834	15933801
15956650	15668383
15688767	15665320
15459716	15621592
15686963	15563389
15736198	15746242
15654271	15842145
15737628	15395174
15860749	15433777
15861100	15983093
15651872	15574881
15752738	15867730
15969757	15483013
15885114	15551744
15571467	15896898
15856580	15666985
15823585	15748305
15483833	15934589
15986378	15591913
15812956	15736372
15601274	15736372
15770210	15992901
15664804	15396348
15826927	16021872
15554428	15725236
15409862	15564199
15663048	15857828
15681896	15996937
15401737	15841547
15713410	15538239
15483267	15456590
15803695	15477929
15722475	15986891
15711012	15826858
15410388	15708375
15910715	15411761
15704734	15498214
15565211	15651370
15858085	15521765
15654140	15595106
15818928	15632613
15832462	15481740
15550795	15490101
15599305	15736839
15393606	15461205
15662421	15893593
15978181	15633453
15694709	15639749
15648740	15639749
15621727	15617820
15636305	15760715
15780389	15591401
15989971	15959377
15897119	15582353
15497280	15727289
15892136	15568549
15407877	15599848
15979303	15725709
16027731	15460702
15505759	15388204
15780451	15592676
15864355	15844219
16014832	15722947
15990469	15551022
15501844	15533264
15715918	15376918
15939717	15753244
15555024	15975344
15584770	15857206
15836026	15807548
15665608	15776197
15771194	15909689
15400151	15915947
15650361	15722164
15996147	15746990
15583068	15477222
15563044	15383774
15813130	15412883
15842373	15838568
15837024	15871530
15731652	15909705
15868167	15730301
15638389	15626386
15465647	15482462
15662368	15851157
15425418	15978394
15786512	15757724
15859499	15877495
15712430	15513665
15450188	15842907
15707655	15746196
15891971	15988481
15498581	15633050
15685279	15518018
15387138	15378351
15982788	15563613
15660539	15615056
15922401	15615056
15840756	15762610
16021536	15762610
15857298	15726588
15630644	15639152
15646324	15726295
15490466	15873187
15578154	15921352
15889467	16022891
15986476	15880043
15931101	15552908
15522412	15602375
15511047	15745649
15436040	15624459
15753603	15538601
15728586	15870448
15718183	15996806
15905159	15803734
15513649	15674300
15386258	15952438
15479474	15725627
15487208	15397849
15855024	15780512
15809121	15984650
15880743	15818625
15403490	15906264
15713115	15485324
15882285	15882858
15562871	16000780
15411174	15927808
15633669	15600544
15502301	15798408
15535461	15527675
15476903	15559243
15872970	15997563
15890876	15573978
15819956	15573713
15909749	15532130
15732952	15666510
15421210	15896681
15801174	15725812
15734359	16007679
15908517	15611174
15750102	15457119
15818123	15928304
15551039	15391610
15803451	15377908
15855934	15624164
16013587	15894971
15593430	15569303
15408383	15488891
15890456	15404685
15798369	15452925
15913132	15656264
15414241	15448090
15970181	15573701
15466963	15693373
15382460	15939332
15899842	15672330
15706920	15404815
15711848	15691116
15408747	15483278
15867552	15548470
15702690	15918380
15529144	15411607
15934564	15620876
15868192	15590308
15805839	15390900
15801387	15871294
15446377	15392938
15938999	15845213
15544352	15797723
15493658	15993756
15645654	15787416
16001448	15725575
15976527	15430204
15823895	15623273
15758585	15689126
15977583	15974140
15744627	15851279
15783931	15663546
15700664	15516140
15431989	15568057
16015782	16017060
15402101	15585922
15475317	15778640
15688942	15874150
15874848	15805089
15399679	15810079
16023532	15816960
16010066	15377221
15483045	15699169
15701983	15770080
15969370	15489857
15526065	15975043
15446769	15511449
16019678	15580665
16012904	15552563
15392564	15740320
15665749	15453866
15846099	15875181
15768915	15838108
15542297	15859400
15995998	15718285
15966110	15664181
15441088	15456990
15798629	15845456
15535413	15557710
15980031	15854993
15734142	15685196
15969269	15805806
15802691	15395604
15858552	15484963
15402538	15930685
15735845	15920235
15516112	15634456
15838300	15506098
15389300	15558547
15567632	15606238
15792759	15729937
15708044	15476313
15547117	15637321
15626305	15383302
16025194	15454314
15628516	15492459
15724415	15955476
15631477	15533549
15571353	15526398
15942173	15922774
15987949	15694014
15903420	15764757
15986725	15622436
15928335	15910809
16025704	15731074
15491334	15960462
15824300	15963845
15607442	15585893
15670742	15452589
15831199	15551757
16024039	15507246
15952782	15985523
15890984	15741278
15565416	15657767
15855372	15900422
15991994	15608202
15532546	15780546
16017650	15478273
15794252	15480543
15757174	15678252
15904731	15728351
15710299	15443775
15806059	15468628
15758066	15596687
15497989	15385699
15808809	15816162
15747830	15651987
15459319	15788693
15505245	15897316
15680920	15713386
15835105	15964638
15831912	15851739
16020191	15519007
15697865	15468870
15902381	15759806
15693588	15888205
15949936	15731225
15942931	15527966
15391549	15754953
15631824	15928430
15566739	15828056
15625887	15582071
15780599	15637529
15557823	15879804
15795634	15517131
15699832	15456733
15388677	15908427
15875986	15384009
15658571	15398525
15704619	15944476
15646446	15438061
15600942	15819259
15975552	15644545
15971777	15433801
15735626	15618604
15513015	15691026
15676297	15838807
15838044	15479528
15785369	15447118
15837525	15910451
15788325	15713681
15400675	15416897
15527719	15868516
15826155	15626512
15558957	15889222
16015392	15744800
15396118	15961751
15945096	15791436
15386529	15769014
15416383	15647744
15828772	15999463
15614560	15687507
15377461	15946196
15659068	15459856
15440995	15886739
15510291	15674860
16000618	15872892
16021202	15697308
15664481	15681512
15474520	15830202
16002829	15573717
15462588	15515877
15599124	15926318
15633465	15929678
15686081	15781845
16001466	15385039
15400216	15707717
15662259	15870601
15471428	15459359
15659802	15726114
15868981	15620941
15832464	15573141
15737769	15615763
15908217	15511100
15789990	15489366
15747977	15884632
15820259	15468949
15489094	15876635
15640752	15561981
15784028	15807137
15577951	15724249
15846338	15652755
15812229	15971232
15397518	15995246
15911147	15801891
15658776	15628218
15413995	15565577
15826526	15869110
15553490	15712359
15646256	15736717
15887530	15658112
15646932	15917430
15993969	15550488
15889734	15932592
15556480	15767348
15627112	15497024
15402866	15867086
15894120	15810059
15408043	15788456
15707354	15547570
15932736	15786030
16016242	15877015
15405323	15697509
15489563	15811148
15605737	15483251
15438925	15980099
15404387	15609795
15417165	15808645
15792907	15826334
15991162	15902987
15587126	15716605
15521605	15721530
15920624	15798859
16011460	15980320
15796395	15710137
15849089	15486627
15970404	15654398
15471106	15697937
15512987	15393023
15599086	15761778
15431917	15417327
15479735	15802802
15792458	15803890
15749475	15725561
15998780	15638396
15926712	15599972
15966314	15808430
15596628	15488274
15699185	15453450
15998929	15509665
15638314	15741276
15519451	15551221
15380488	15536659
15440298	15812274
15754995	15758223
15529271	15920154
15511604	15728270
15418367	16021472
16019564	15504915
15447836	15793212
15812026	15438783
15945223	15987381
15880000	15625126
15795410	15501626
15510835	15773761
15474556	15546620
15916540	15666142
15759747	15630227
15727682	15554919
15840756	16021536
15662450	15555341
15711361	15768715
15542557	15634601
15481758	15831693
15865150	15972048
15378261	15473649
15854350	15473649
15931458	15437665
15936275	15602562
15620825	15697679
15503748	15978321
15415638	15544042
15740788	15415114
15524462	15640228
15883122	15962218
15421908	15549469
15985731	15800041
15643417	15581959
15496339	15751195
16024634	15542499
15831871	15985154
15629623	15879592
15614676	15904483
15592887	15444018
15444063	15509264
15568798	15994142
15663247	15882969
15743916	15806231
15975986	15645001
15724142	16020235
15452969	15823773
15773990	15851127
15710710	15922936
15552787	15874809
16018641	15457404
15436463	15998635
15955518	15623401
15797175	15924269
15627464	16023182
15519056	15871926
15611252	15375855
15748936	15503991
15675716	15558281
15690057	15591275
15513669	16001665
15512993	15935507
15785725	15959768
15415613	15400642
15953799	15665866
15629613	15655223
15502778	15792811
15758525	15516462
15647975	15392357
15847838	15438502
15586675	15737359
15509611	15737359
15491457	15682384
15620710	15711173
15829376	15433475
15725701	15503695
15830487	15708028
15910595	15962186
15791068	15724845
15628938	15870100
15616678	15629728
15856716	15826468
15925366	15462154
15546919	15698938
15932710	15553740
15859065	15401168
15571892	15971160
15488094	15617115
15576235	15744163
15757480	15785965
15868540	15452390
15753440	15525479
15536443	16016525
15926857	15661265
15935276	15479451
15448223	15534505
15915199	15556971
15698308	15835930
15917073	16007513
15432767	15434662
15684907	15864754
15452688	15551405
15498175	15591585
15646094	15874136
15866253	15959251
15816730	16009523
15793761	15381530
15585422	15703041
15921087	15769638
15780545	15385643
15894867	15828179
15858810	15486698
15486115	15877758
15632985	15460573
15477843	15418022
15945626	15680017
15542045	15454448
15805648	15896409
15514088	15877009
15678928	15629715
15526654	15720396
15972099	15403404
15721617	15408293
16020115	15538449
15841301	15687380
15732553	15397787
15772692	15788298
15634472	15909984
15569176	15780885
15445394	15617319
15921189	15709053
15723624	15510840
15516325	15911240
15665194	15980278
15733152	15824039
15807916	15953077
15529960	15587614
15398713	15936467
15650343	15468803
15554075	15433633
15967657	15431322
15501965	16012619
15571235	15394023
15915630	15732043
15970867	15446599
15564642	15400765
15552321	15557023
15879505	15581845
15843940	15804279
15858256	16003840
15466318	15580402
15841735	15982839
15981486	15533435
15465089	15791062
15566471	15921816
15897417	15487925
15637976	15750838
15635722	15715347
15627306	15557498
16001850	15508982
15647734	15797776
15664830	15873365
15956896	15678558
15975449	15471886
15894341	15393000
15442047	15670539
15739756	15795691
15618251	15725730
15456168	15819332
15965049	15952919
15512705	15828374
15878038	15567498
15739815	15393189
15528753	15699848
15881353	15573224
15734148	15661304
15784656	15610280
15465683	16020972
15393093	15609368
15960334	15667058
15799207	15952075
15873933	15535829
16005701	15606092
15549565	15556623
15889165	15583237
15605058	15444338
15821519	15846185
15940035	15983546
15976496	15437364
15713631	15437364
15949771	15838681
15565116	15661683
15579619	15390400
15644471	15875680
15526371	15888035
15633498	15921962
15688125	15769892
15591251	15519813
15742849	16017344
15977644	15840357
15912429	15524828
15717391	15455113
15460644	15383222
15551999	15796836
15517165	15541812
15818088	15882992
15392185	15677415
15459021	15430697
15809847	15629868
15655104	15978161
15588848	15561555
15504046	15397486
16022247	15597619
15763370	15506036
15505649	15699379
15441998	15477229
15419783	15967335
15789866	15714606
16023843	15909024
15657603	15960133
15739171	15877606
15801904	15860427
15682681	15940382
16002258	15691981
15935743	15418850
15802393	15446903
15894481	15906957
15848858	15399187
15756665	15536060
15993905	15445639
15574056	15999103
15811051	15733479
15795825	15609999
15415391	15609999
15974807	15589144
15821410	15993128
15583922	15912022
15610550	15476738
15878797	15776707
15967984	15883095
15605343	15424980
15740194	15696256
15584996	15976670
15865212	15960716
15918957	15922024
15894545	15921112
15876113	15689152
15681033	15750668
15652549	15681637
15567529	15709924
15417372	15555444
15764423	15834595
15629879	15940104
15929405	15676058
15480213	15754237
15799361	15625072
15576584	15711514
15870496	15732696
15603784	15790806
15727902	15540623
15714782	15540623
16010984	15792053
15724079	15970190
15905824	15951736
15580708	16004211
15922705	16027239
15606125	16027239
15509724	15777130
15670590	15520166
15715985	15899222
15870644	15697723
15381176	15409342
15455276	15895714
15940659	15778677
15933894	15967706
15771632	15530981
15522840	15822337
15977499	15597056
15930102	15701190
15530146	15887727
15802216	15474886
15906670	15399260
15632467	15754035
15583309	15949728
15951395	15992717
15988450	15903693
15554822	15727149
15671021	15663687
15493688	15587392
15957801	15457764
15757478	15869398
15936670	15995061
15681314	15945170
15733312	15807309
15739069	15721202
15943389	15714027
15401422	16002602
15953048	15941896
15609800	15409214
15872695	15632261
15692591	15577006
15744066	15769278
15992140	15712603
15902005	15658900
15485319	15713608
15706829	15418992
15518445	15410142
15624644	15707926
15652528	15481979
15416903	15980605
15565388	15875499
15496635	15590389
15719841	15989553
15468863	15518047
15521354	15972900
15616394	15441809
15806702	15428989
15660539	15922401
15922814	15897527
15847195	15872746
15390970	15763713
15959180	15418696
15931745	15845421
15455731	15951170
15660009	15930358
15733037	15848568
15761454	15532346
15599512	15917721
15779815	15888365
15994705	15577136
15678383	15671233
15897456	15486183
15953824	15510979
15567357	15843637
15985683	15405282
15944918	15878859
15659400	16009922
15789888	15407425
15501079	15993692
15444007	15480548
15861878	15505898
15939721	15858129
15840118	15905303
15446959	15405540
15739120	15411655
15818134	15875230
15809799	15437187
15650112	15928348
15956495	15696741
15982053	15492124
15657789	15488582
16002188	15972935
16023662	15630910
15572380	15896443
16002045	15669731
15392678	15518113
15808920	15690237
15780290	15629975
15640883	15809401
16005423	15382568
15553432	15827217
15586598	15940568
15615463	15550896
15755592	15755648
15965091	15726105
15985654	15451812
15613298	15890942
16001839	15458257
15723247	15555288
15434487	15381139
15824950	15954107
15455655	15553192
15384795	15852257
15703650	15799322
15974116	15596247
15467412	15416625
15776431	15840215
15881668	15645884
15738414	15796063
15673097	15632793
15717983	15829100
15668877	15549090
15618448	15549090
15937923	15869058
15746132	15787511
15433631	15774109
15863959	15698832
15490123	15640137
15945358	15946579
15687574	15540875
15579011	15683535
15931991	15788785
15502520	15468406
16011982	15762968
15844553	15927851
15755472	15835445
15930029	15378804
15421098	15591552
15386261	15872272
15595914	15992800
15711656	15848374
15768788	15839480
15582923	15464695
15598520	16022498
15568845	15426467
15921347	15662526
15706600	15911619
15522246	15987336
15537402	15673274
15499513	15647175
15599356	15541436
15657901	15487168
15709107	15441730
15957207	15950623
15455485	15876219
15791003	15457048
15834452	15566144
15805047	15849321
15606094	15692476
15514001	15810871
15712078	16018299
15836333	15852892
15710906	16003220
15640465	15682715
15440764	15659218
15987966	15786427
15852106	15655226
15526342	15395127
15840657	15868967
15901745	15978787
15911060	15952219
15701771	15952219
15921169	15578047
16016809	15694957
15642450	15397351
15396018	15636790
16011693	15806556
15383464	15483395
15424047	15618107
15891975	15691919
15460277	15669427
15593725	15985452
15566356	15961889
15970447	15857146
15930169	15947578
15504143	15797186
15447560	15814204
15835131	15668154
16014781	15486223
15539032	15531924
15846542	15719493
15676518	15437857
15569352	15521850
15838225	15391957
15851473	15816574
15636138	15594635
15753721	15866846
15867204	15875667
15690632	15935198
15808778	15537454
15966215	15675400
15818835	15861356
15837498	15999862
15746561	15649751
15671737	15492658
15425734	15407161
15956167	15563072
15645867	15816243
16009925	15715202
15590036	15419497
15534177	15635569
15476555	15967003
15422793	15947384
15463460	15844039
15408123	15613578
15403354	15742854
15869470	15392314
15533599	15550704
15733887	15587914
15811516	15414367
15432192	15760558
15776867	15632636
15817169	15753846
15448924	15806076
15853549	15532453
15881768	15665395
15554535	15477388
15612759	15864988
15742503	15888607
15538395	15835761
15480874	15547083
15965855	15456146
15606262	15819347
15735153	15463017
15549135	15822446
15998514	15953754
15524998	15567695
15684230	16026337
15390774	15680291
15396822	15624106
15760407	15410066
15543941	15710139
15525178	15502544
15428810	15994299
15923414	15524183
15469217	15850877
15910904	15488835
15516914	15756787
15745060	15582623
15387017	15737604
15928814	15700300
15746682	15931200
15992661	15844964
15847236	15546074
15718335	15847760
15637958	15958018
15825271	15849111
15443657	15844467
15840363	15976056
15528686	15871074
15935754	15608256
15691379	15608425
15677963	15493466
15928095	15638099
15388431	15891939
15958402	15737442
15626275	15641944
15399747	15684970
15904366	15612743
15932787	15930073
15851615	15485745
15853450	16027476
15430340	15641891
15422311	15796577
15467556	15962299
15717574	15466418
15955375	15515104
15524815	15575270
15963903	15458729
15699291	15721366
15928144	15820988
15786693	15437528
15455736	15656895
15436094	15987767
15718331	15687865
15727902	15714782
15942854	15862753
15929856	15776408
15948750	15420879
15663463	15902484
15835021	15740500
15485010	15633113
15711796	15559622
15594640	15857806
15926436	15510527
15903145	15986183
15381638	15466228
15449447	16005586
15495195	15861625
15808362	15720460
15509530	15710131
15482407	15478309
15552237	15551411
15608271	15427124
15627696	15750755
15583877	15834733
15504476	15840585
15930782	15577678
15835619	15943498
15410808	15433698
15464867	15871901
15914312	15607560
15897674	15793462
15882953	15905386
15383703	15705127
15531700	15786711
15687098	15712113
15481030	15879492
15772974	15399009
16020825	15969239
15605339	15668677
15855565	15938816
15589206	15538670
15975297	15961673
15972029	15794450
15879423	15510995
15397551	15584279
15733053	15584279
15539682	15970741
15993504	15771708
16005651	15668557
15843572	15839083
15889841	15433024
15614123	15467711
15823287	15648821
15955835	16004519
15861481	15841316
15761038	15987049
15888155	15863933
15666190	15738095
15625443	15697189
15593638	15846416
15914965	15540816
15482183	15607429
15773411	15452914
15690726	15725057
15670048	15583884
15725206	15799456
15411598	15665126
15656220	15665126
15567640	15933473
16001481	15795085
15843414	15711184
15732203	15393677
15856774	15544680
15823039	15462530
15629733	15477913
15877927	15951826
15599679	15434809
15664046	15958021
15808977	15396844
15837804	15697176
15719055	15499439
15684976	15895901
15853565	15634831
15781792	15473729
15812956	15601274
15376908	15627956
15470848	15658605
15911914	15707362
15555245	15405160
15403001	15851403
15965760	15961473
15943238	15503232
15461287	15932106
15407231	15966470
15745674	15952444
15810570	15834022
15602161	15420388
15546513	15741718
15624116	16025101
15805249	15913632
15897280	15487888
15897029	15654944
15759654	15851813
15791398	15681062
15822975	16027359
15848080	16027359
15532107	15578917
15533081	15929838
16023736	16013303
15910256	15673589
15573632	15384362
15926809	15766206
15839909	15887470
15525301	15772925
16003928	15991427
15939082	15589440
15978713	15708798
15885523	15939673
15755299	15803632
15670531	15819307
15783228	15893673
15503812	15553315
15472950	15796538
15799915	15445687
15953914	16006510
15876673	15762341
15530218	15541710
15960414	15576820
15852397	15715058
15527518	15571543
15377416	15646930
15766579	15555791
15402913	15669321
15636667	15636843
15969684	15592616
15498100	15477022
15583261	15434780
15457261	15624590
15728325	15571834
15847653	15511341
15620176	15743615
15831550	15464501
15558311	15619278
15773254	15558091
15581001	15471862
15557981	15570309
15663812	15574729
15411598	15656220
15800806	15431559
15548261	15938385
15485339	15998552
15686054	15403057
15917173	15955783
15490029	15576458
15610837	16016969
16020087	15463507
15939981	15477037
15459604	15396524
15456521	15632401
15803789	15936402
15766594	15423566
16021540	15559683
15684108	15695670
15539020	15601976
15383121	15472979
15642575	15568361
15815548	15891316
15781899	15420586
15507281	15931377
15776742	15375050
15550207	15528888
15541886	15559580
15726445	15854730
15709812	15560494
15532939	15876880
15664916	16026464
15783712	15634532
15921139	15563877
16003978	15420728
15913930	15927859
15724675	16020143
15569154	15904073
15624553	16021341
16006633	15896795
15439408	15848494
16021424	15401953
15878145	15522755
15583594	15706026
15936461	15664725
15742729	15491164
15821876	15803389
15426608	15623895
15766280	15676818
15741262	15868064
15665637	15407062
15503490	15776474
15559476	15439237
15991446	15965038
15464589	15771951
15540721	15520181
15516349	15749296
15980766	15740771
15600049	15980986
15714155	15824757
15708629	15521067
15718663	15720488
15688604	15702258
15577391	15694646
15833121	15762303
15680946	15585276
15429581	15988034
15485129	16009192
15562707	15566651
15408911	16012132
15580174	15929039
15718434	15422147
15948532	15888100
15842485	15912674
15662476	15861539
15786232	16009704
15722060	15393409
15982288	15432050
15401536	15614350
15929170	15540503
15410459	15564212
15495159	15744850
15758614	15666548
15782260	15964629
15541717	15895231
15985887	15381554
15449863	15931141
15600777	15997171
15393544	15822591
15498448	15435875
15708263	15986344
15409917	15503840
15656570	15524896
15396601	15883295
15751007	15762280
15825969	15706223
15868753	15673145
15693339	15826549
15451644	15693268
15413553	15798216
15894581	15738859
15891008	15468209
15688208	16008125
15972188	15477089
15956977	15638137
15898455	15663784
15686395	15950320
16001008	15770581
15509766	15707159
15849380	15717543
15788588	15390399
15397551	15733053
15589245	15718829
15983054	15441000
15517711	15859556
15863524	15921525
15453725	15972510
15808300	15963025
15917945	15759252
15779232	15818147
15951174	15702213
15668375	15379741
15823026	15833771
15887041	15920427
15972789	15508402
15407392	15398030
15918152	15715320
16014600	15715320
16001865	15439867
15628532	15691939
16013338	15458164
15426209	15707961
15648307	15777658
15615725	15416772
15915498	15409209
15816546	15991138
15489631	15818237
15651035	15874618
15970114	15934036
15614293	15394359
15383431	15727244
15672188	15606717
15932655	15688968
15658945	15903995
15545572	15803150
15598866	15971037
15542308	15978559
15858644	15808896
15939193	15824789
15849153	15724783
15570227	15554500
15760010	15788620
15856573	15916638
15776574	15960658
15426191	15943476
15759129	15967075
15874973	15432302
15850559	15790844
15850965	15828147
15845945	15834271
15405560	15915666
15377082	15824221
15596882	15732097
15782475	15689342
15758853	15940063
15995089	15890523
15996324	15956519
15605113	15600957
15647931	16002910
15608186	16014426
15913163	15679996
15556279	15545978
15774848	15416223
15638885	15804523
16027017	15830061
15912523	15871818
15444036	15994190
15508356	15462900
15957904	15668070
15528833	15782336
15689543	15441948
15489108	15948538
15521266	15776307
15884341	15761616
15612677	15643340
15535573	15723253
15438139	16025167
15668877	15618448
15544551	16012855
15586675	15509611
15649016	15923577
15375221	15941027
15612623	15915684
15885611	15915684
15717710	15539087
15823390	15906588
15983977	15895514
15940155	15399977
15407025	15698947
15457724	15912867
15435489	15413470
15772824	15480992
15821985	15526311
15869772	15668984
15400155	16008688
15727889	15923280
15959092	15686303
15641989	15462624
15991123	15432261
15855410	15778173
15770693	15652379
15572505	15601826
15893791	15563550
15935168	15972801
15685096	15982922
15504296	15487534
15604749	15494113
15838994	16015996
15630836	15577630
15979471	15897897
15963155	15584422
15537678	15742903
15830497	15987811
15709937	15671329
15747578	15511944
15465483	15537314
15589410	15829832
16027449	15586854
15725139	15613832
15473052	15911348
15727726	15919316
15406091	15526372
15664700	15805057
15658330	15387548
15546323	15653053
15882906	16026797
15631134	15950843
15401612	16018484
15398723	15442400
15918152	16014600
15856646	15964582
15865444	15412632
15762155	15831182
15708952	15520854
15931689	15698545
15864706	15971496
15611964	15386321
15532264	15784625
15636090	15681567
15583484	15807242
15895052	15856782
15911292	15935267
15706131	15654809
15687289	15901660
15687112	15681036
15949262	15629945
15794005	15701630
15773975	15871218
16025495	15758806
15566416	15730714
15928120	15891998
15593453	15541418
15417882	15655773
15794397	15741135
15949349	15944810
15765253	15409858
15872088	15850729
15920160	15384253
15959544	15515503
15589478	15446674
15824056	15583106
15516801	15938358
15391683	15517470
15898764	15383477
15985271	16025142
15775195	15937028
15485215	15672854
15752155	15494278
15607056	15388618
15874991	15847726
15915513	15843543
15500482	15704153
15680844	15589151
15730040	15588143
15472343	15818937
15834700	15602257
15405467	15508555
15544132	15503632
15405297	15601223
15968492	15630752
15507155	15523689
16023349	15476695
15975100	15808101
15556521	15480598
15579387	15660717
15554077	15529339
15896799	15873704
15993604	15711687
15457740	15940262
15537657	15681366
15433156	15411587
15852840	15908713
15883748	15754391
15474109	15754391
15394750	15851480
15693160	15779713
15858439	15453734
15602453	15592348
15427535	15869550
15784722	15702163
15574757	15699345
15920705	15855528
15873596	16001592
15870336	15653633
15569250	15605356
16002057	15890862
15404793	15869543
15986537	15520062
15453481	15609828
15643495	15705672
15915863	15463549
15711882	15463549
16004814	15708657
15869070	15507639
15654722	15709117
15961121	15995797
15463059	15416892
15453395	15666669
15640983	15749484
15756558	15446576
15431492	15968949
15566519	15653909
15607352	15489382
15529257	15922717
15550325	15419485
15412414	15965231
15968216	15482782
15423415	15603324
15957803	15993252
15796991	15385240
15964054	15936269
15855487	15445098
15615297	15542186
15856595	15556759
15615670	15386344
15788711	15970559
15965802	15775405
15895178	15945680
15907816	15539921
15666197	15765157
15606105	15936808
15765778	16008892
15515626	15386682
16009286	15479005
15506598	15505724
15537785	15388796
15922903	15497646
15426423	16018919
15880738	15985652
15968549	15751231
15444955	15525573
15926582	15985267
15592058	15688955
15865051	15730535
15883302	15843093
15630857	15844601
15695732	15522379
15378477	15544345
15856693	15827340
15416551	15643846
15487065	15466892
15860887	15413669
15978057	15772186
15787556	15736796
15531561	15645100
15687424	15564361
15639451	15683956
15596714	15401571
15896894	15667198
15753898	15871774
15419669	15846443
15517736	15815709
15879507	16010795
15724554	15926508
15538614	15954612
15670148	15410788
15560550	16003961
16014415	15930261
15813419	16001924
15718323	15707931
16008850	15863326
15382493	15860341
15422799	15951517
16006278	15777578
15836859	15882493
16025233	15532353
15965592	15664575
15705934	15821260
15616923	15925572
15456050	15638962
15765610	15754972
15591323	15817660
15993167	15704334
15975534	15889939
16014316	15492688
15850565	15474164
15528554	15597617
15699203	15803849
15490531	15426094
15392241	15533345
15424919	15408128
15670683	15877187
15622201	15538895
15512108	15720178
15393822	15566274
15659621	15744415
15842561	15560403
15832318	15763036
15951743	15723558
15898320	15399705
15743388	15692778
15764192	15688335
15934841	15483681
15381693	15612142
15971247	15832580
15583537	15969568
15836659	15536680
15786616	15433410
15518290	15509095
15886348	15963046
15899690	15530925
15632488	15705062
15499031	15972687
15900165	15705707
15895376	15650407
15899111	15638415
15394938	15720287
16019890	15831317
15915863	15711882
15390642	15765098
15919261	15636552
15822975	15848080
15495153	15441833
15793415	15632651
15903496	15910644
15607439	15855748
15421003	15797351
15866050	15728216
15957013	15479503
15902129	15828095
15520906	16015681
15550997	16015753
15636526	15594367
15879388	15652844
15578043	15546610
15400839	15800070
15805962	15992713
15884278	15549057
15574905	15463858
15593959	15589663
15733721	15673867
15591852	15492529
15913897	15466509
15490842	15766925
15979282	15727662
16019526	15769252
15429568	15561285
15964673	15853800
15617843	16021919
15633937	15572056
15555607	15976001
15878126	15856694
15961899	15513199
15798710	15613223
15485041	15380723
15422446	15438215
15442935	15387744
15589270	15551690
15895689	15647048
15513095	15714508
15385711	16007251
15505946	15614595
15847702	15600619
15868838	15975561
15454687	16004921
15918622	15643062
15846657	15438270
15992546	15388271
15678690	15513413
15745728	15540921
15600140	15627851
15925235	15376716
15706506	15470803
15598217	15955623
16000164	16006200
15782283	15909277
15971683	16003913
15911060	15701771
15764650	15444768
15902699	15849304
15746545	15953888
15389093	16020146
15775007	15896976
15939320	15589186
15512900	15621538
15767079	15619756
15874101	15456179
15892045	15424190
15922132	15871722
16018784	15431524
15887706	15885418
15986933	15899793
15663574	15818527
15614085	15931951
15743842	15831501
15515421	15999335
15377308	15973934
15789359	15694956
15751615	15600968
15796385	15525782
15547456	15837649
16000982	15841662
15469602	15558339
15738942	15551187
15794471	15665105
15643413	15713094
15397565	16002541
15588963	15900511
15967310	15610852
15470089	15757616
15566762	15418872
15388398	15442876
15455466	15798073
15627987	15545197
15832220	15534838
15913999	15842525
15939836	15723876
15589393	15560952
15627026	15539910
15811475	15894164
15617207	15505635
15486635	15591642
15390803	15831003
15440752	15804466
15472854	15941445
15498122	15493968
16021588	15572895
15807479	15605894
15487795	15391089
15771112	15775639
15553433	15856050
15769564	16028298
15491867	15406856
15500354	15949960
15990702	15806177
15939048	15563726
15376808	16001218
15776930	15769688
15976496	15713631
15790062	15571653
15797684	15975034
15391670	15622446
15805861	15855123
15920744	15757807
15971951	15822315
15836872	15954219
15695157	15533260
15770049	15690570
15438996	15599708
15900709	15384377
15911511	15953709
15548225	15393793
15667692	15647231
15430912	15683814
15539228	15451542
15800974	15831497
15560706	15522032
16013596	15462995
15647808	15497257
15795825	15415391
15537767	15967832
15536266	15863855
15447209	15455217
15539499	15633749
15652674	15506183
15507036	15749449
15997983	15945323
15637942	15591433
15781862	15738445
15471279	15995252
15501892	15714913
15523050	16025440
15510952	15710127
15622550	15541432
15499862	15786067
15863281	15966687
16001338	15574891
15774268	16026345
15651030	15530069
15386333	15595193
15548273	15663421
15559166	15713601
15674378	15396690
15906006	15998548
15495431	15515811
15814368	15863377
15549886	15954345
15918793	15937872
15644074	15827612
15501062	15394210
15495411	15918776
15566339	15614002
15981058	15737450
15533362	15724472
16004219	15562872
15638504	15999418
15949815	15479584
15634493	15758280
15833653	15522533
15685557	15981908
15463536	15466367
15823021	15404320
15567900	15473767
15557842	16014932
15425264	15761794
15446139	15884273
16002387	15587155
15442469	15428129
15875038	15381026
15512520	15544712
15922683	15559281
15936504	15537843
15995030	15850630
15594287	15720405
15862005	16025452
15937059	15990554
15507437	15595321
15479446	15841659
15591830	15855842
15869724	15444316
15682893	15641912
15405624	15661271
15766930	15394196
15429575	15981121
15671824	15858629
15927528	15936022
15837112	15389407
15988287	15754703
15869019	15863286
15453933	15603887
15787984	15452062
15930291	15445322
15694709	15648740
15953089	15389848
15663067	15430001
15810433	15945632
15689588	15869492
16017976	15413894
15558105	16027272
15721022	15880732
15499380	15781849
15500938	15998391
15669071	16015582
16007836	15799577
15460035	15454371
15437727	16002646
15381260	15641779
16022197	15864020
15968784	15822983
15972194	15701019
15785272	15628349
15856354	15495094
15997957	15875634
15585567	15464610
16012852	15810773
15907792	15562015
15412342	15551890
15378261	15854350
15759686	15627641
15850780	15602354
15626744	15681879
15786930	15623921
15580531	15530271
15691306	15517477
15754279	15722648
15401617	15688083
15669081	15494767
15685622	15857502
15944519	15719825
15678756	16013728
15599802	15400475
15842926	15377745
15564281	15996234
15578238	15903836
15485852	15897951
15432693	15831284
15664411	15760180
15377255	15786619
15551099	15983289
15611859	15606519
15930996	15973341
15771904	15940029
15764627	15654616
15471265	15999217
15726990	15641367
15722707	15788012
15706011	16007225
15407945	15505279
15476257	15968046
15687841	15378936
15669810	15578304
15514580	15466619
15522493	15743254
15852656	15992479
16023441	15766780
15789830	15789004
15766389	15964992
15654408	15408162
15781175	15476099
15780847	15450648
15891664	15450648
15436277	15671102
15956329	15735028
15484547	15996733
15910773	15840434
15435384	15826001
15854433	16028092
15864070	15442995
15628729	15630933
15837657	15929923
15970229	15418054
15817801	15565659
15639875	15499343
15814898	15839137
15781657	15692071
15871422	15619130
15610658	15685396
15891672	15839984
15642222	15450490
15638940	15788192
15915957	15593543
15686297	15745115
16024628	15818734
15825135	15679279
15400517	15416160
15686027	15964347
15472137	15964347
15890161	15703194
15920921	15705007
15660048	15439348
15446873	15416654
15473310	15604557
15385905	15541263
15852326	15681517
15538700	15923561
15819363	15538789
15695656	15415955
15460559	15430764
15790458	15827505
15899155	15778676
15734582	15599286
15450457	15846288
15753821	15456588
15417723	15814433
15388093	16007202
15962109	15507336
15982044	15387436
16015882	15564102
15693054	15790903
15738813	15904287
15375340	15444193
15900849	15465910
15388977	15598938
15962488	15633193
15749899	15937351
15382338	15453533
15895527	16009812
15926194	15547326
15503184	15947197
15680242	15746449
15865947	15785818
15804455	15861225
15558358	15568508
15776546	15673171
15471717	15966608
15577162	15947982
15788853	15471289
15553946	15532014
15923274	15861465
15443142	16026463
15654264	15820938
15723806	16009625
15906730	15761528
15616325	15537834
16015100	15729750
15955716	15979023
15723857	15397323
15385020	15919852
15422856	15480861
15855902	15693612
15735945	15791403
15432104	15801809
15412756	15897712
15984389	15828558
15460903	15721850
15806559	15470136
15579532	15557891
15516137	15528107
15532340	15740575
15783493	15450810
15996757	15591083
15917804	16008781
15862758	15461915
15922984	15977629
15799007	15600742
15700960	15418459
15972141	15377586
15588680	15626228
15814494	15503044
15475310	15415469
15764195	15954701
15863330	15428827
15823598	16008792
15823646	15677284
15401165	15708361
15431790	15576874
15574195	15792816
15383452	15569014
15968962	15531352
15430130	15690233
15748052	15889881
15967168	15757652
15498227	15489616
15620244	15624972
15377803	15490894
15513508	16019877
15913357	15679213
15833296	15536927
15461369	15812569
15477739	15722436
15571401	15706216
15984183	15930638
15526403	15700559
15853094	15808719
15624845	15959772
15806386	15885960
15923054	15567864
15513254	15489070
15922705	15606125
15899918	15585806
15849666	15653040
15390265	15933745
15640863	15982978
15411920	15972416
15977193	15976452
15616840	15773537
15662876	15556763
15982914	15953916
15990995	15909918
15999893	15425562
15499098	15751997
15947735	16000614
15678121	15813965
15839419	15524775
15398764	15379752
15952587	15862849
15534608	15610166
15375061	15531626
15677719	15655100
15816561	15525230
15759257	15703102
15785541	15778096
15796085	15444605
15555483	15661525
15387258	15574691
15909741	15877814
15737681	15926089
15839735	15446598
15400134	15789593
15786532	15472709
15479155	16015947
13915160	13769965
15629093	15661874
15811817	15903774
16001038	15854285
15983345	15807646
15540683	15899751
15786340	15414637
15902366	15421511
15949426	15731991
15712684	15990242
15846367	15851084
15846278	15843521
15775895	15550907
15674808	15941444
15893637	15919268
15739392	15539066
15572226	15754071
15573011	15860611
15485934	15860611
15913234	15466096
15380089	15599728
15997207	15570142
15726109	15895489
15375277	15942628
15883748	15474109
15558864	15769394
15637517	15418693
15453235	15926643
15865671	15646434
15503419	15816433
15709296	15457705
15877944	15817162
15975103	15450375
15983381	15393547
15851896	15456291
15894872	15784265
15554293	15701724
15686027	15472137
16015778	15666198
15926693	15450483
15934158	15814787
15573011	15485934
15613523	15553745
15461966	15822300
15580636	15467967
15497853	15943495
15773328	15754498
15421996	15534374
15954546	15640829
15609819	15457381
15719788	15730629
15938702	15716393
15945447	15515073
15974579	15761428
15766152	15652555
15833170	15457922
15521533	15575859
15524225	15921253
15968297	15422658
15748303	15517037
15612972	15485284
15567019	15732653
15948445	16021376
15848691	15454250
15780847	15891664
15554526	15454961
15933240	15991134
15428377	16023187
15858830	15426431
15802398	15444118
16014887	15403976
15612623	15885611
15785394	15559606
15401851	15524410
15930578	15577509
15821256	15849698
15875409	15767675
15687924	15395913
15704111	15922147
15724573	15401339
15805403	15704782
15656036	15388259
15482177	15546770
15712063	15544301
15560528	15609659
15524788	15840409
15636988	15500873
15626852	15940576
15528576	15492703
15543774	16024075
15399625	15510626
15850528	15978971
15690308	15463704
15546261	15830897
15531303	15590066
15575204	15442242
15389809	15389966
15425012	15993542
