15880802	15736200
15682680	15596884
15456166	15977140
15604775	15644361
15396746	15613333
15652404	15459022
15389624	15961273
15432228	15690879
15759992	15875098
15573085	15991808
15429172	15456114
15575362	15822773
15937271	15473402
15464739	15747324
15742439	15597105
15584077	15733375
15670021	15896941
15657243	15588237
15544850	15905209
15625974	15611665
15413652	15681085
15482566	15703695
15872958	15442881
15384621	15776876
15893889	15953078
15884301	15820234
15557352	15797788
15564757	15861325
16006830	15756909
15953933	15976100
15413965	15677894
15901328	15519866
15414871	15795461
15564708	15627308
15529276	16023341
15738274	15667765
15498323	15400385
15870029	15828141
15624771	15940213
15766074	15828671
15770995	15761779
15888400	15729421
15971114	15951679
15377578	15621267
15620928	15614947
15820738	15948681
15975178	15800088
15586516	15472452
15681977	15688435
15879865	15539417
15683687	15699966
15536746	15819296
15558503	15968752
15700244	15389819
15737216	15960591
16017867	15831578
15987138	15750778
15836770	15790315
15587697	15702856
15873951	15852529
15779344	15717816
15386349	15507605
15952115	15527368
15994623	15437300
15874979	15954128
15693130	15982079
15743360	15599985
15804252	15757612
15924175	15943134
15383108	15499750
15688314	15972942
15990929	15951169
15714043	15589982
15667837	15953963
15707372	15591021
15670704	15410212
15806611	15950823
15440393	15714268
15455716	15921896
15664949	15557233
15991471	15878970
15770144	15764236
15613730	15840073
15832254	15603212
15765129	15610047
15760613	15677183
15619167	15752659
15889956	15539403
15704191	15741389
15638443	15551893
15971939	15716793
15650305	15476187
15640491	15954483
15550021	15815824
15743857	15809510
15894097	15559400
15843302	15489648
15870967	15449838
15507411	15422620
15866473	15543707
15616589	15944371
15655227	15782965
15598277	15764005
15904259	15686705
15839082	15639949
15613101	15544538
15608437	15815768
15595500	15542452
15810120	15630668
15396638	15617141
15897874	15555675
15940698	15761976
15567256	15431105
15852603	15836641
15456723	16025807
15704406	15785829
15737317	15888677
15900651	15419405
15701671	15617714
15847683	15623522
15769379	15817868
15464135	15575970
15677137	15789836
15502835	15864395
15914759	15376151
15946718	15846655
15529776	15874047
15520871	15998184
15972334	15471015
15786687	15754782
15995285	15802773
15861929	15494564
15719460	15863968
15652490	15640143
15411931	16000789
15849241	15869112
15504051	15613313
15876928	15434009
15864079	15977572
15451574	15561837
15797739	15618396
15502350	15467534
15868370	15797584
15716928	15721599
15589492	15493391
16008396	15862650
15576672	15616127
15976738	15381980
15734108	15732581
15920876	15651202
15634386	15843139
15906045	15899243
15965873	15848001
15419269	15587738
15646633	15995131
15931675	15516727
15628729	16025907
15664421	15918883
15532048	16016123
15531750	15486679
15577515	15956640
15552618	15960105
15765661	15413412
15603007	15801104
15667592	15719937
16019330	15739086
15955544	15990817
15816037	15571886
15900323	15641612
15672923	15500705
15435326	15565536
15960409	15673981
15990005	15419605
15642407	15528150
16004114	15570851
15674645	15502549
15515926	16025661
15520500	15498767
15638448	15492188
15650818	15527432
15968143	15427956
15672339	15927581
15412471	15588648
15964517	15385089
15980612	15867080
15673753	15440348
16015831	15845950
15803798	15553115
15541554	15605829
15955664	15483197
15882294	15853215
15657710	15870407
15632708	15739055
15435943	15847447
15959732	15973901
15584807	15610012
15836014	15511034
15527228	15902687
15558959	15472431
15911306	15807911
15468544	15821274
15453475	15764862
15778901	15500919
15771973	15885056
15564081	15518300
15402923	15743782
15925965	15867119
16016153	15632195
15980022	15819687
15733998	15382336
15778283	15667543
15649001	15597516
15866575	15864488
15663257	15473676
15738237	15916274
15904582	15947020
15528908	15752612
15618658	15750631
15903228	15847830
15403402	15760090
15943604	15404940
16007273	15573967
15828405	15762190
15729470	15378621
15881578	15931194
15616086	15652363
15614517	15928498
15847150	15970245
15401462	15779098
15661428	15943816
15782105	15962171
15519156	15778891
15564171	15890598
15584716	15484913
15762531	15852723
15642050	15622485
15965250	15896254
15896961	15832017
15773972	15476139
15828528	15950727
15904200	15637365
15484674	15749604
15909405	15704947
15491297	15649253
15628306	15432366
15682109	16011199
15571327	15813255
15940952	15860616
15936286	15498958
15499259	16015878
15564715	15458844
15400815	15652302
15665154	15999287
15674971	15384143
15538910	15454741
15756360	15595502
15777730	15455300
15535659	15582192
15662878	15918927
15848921	15622336
15464427	15948441
16005367	15825453
15793626	15600748
15673572	15472344
15878091	15399429
15611693	15469509
15771569	15799027
15723812	15706248
15968228	15744238
15927195	15644109
15647796	15736159
15489608	15583793
15576252	15985872
15869167	15524030
15861973	15612874
15969389	15959334
15946558	15445266
15810365	15670349
15712000	15996849
15380834	15810509
15985309	15890277
15841881	15378881
15403364	15678654
15964439	15461110
15557105	15375145
15877496	15426057
15578822	15420801
16012494	15670574
15806171	15759276
15967814	15981321
15720662	15812995
15522528	16016867
15603446	15661938
15496680	15470558
15986746	15703137
15919606	15755846
15499879	15500875
15689453	16000177
15667898	15887750
15991038	15883334
15862332	15923762
15934639	16011583
15734701	15492531
15521939	15555805
15539732	15991489
15440857	15527380
15802014	15542743
15784593	15806068
15715466	15841020
15425266	15409610
15948536	15780458
15887500	15973336
15855477	15998970
15824378	15925883
15935091	15748609
15663985	15645106
15469899	15753173
15423705	15453309
15986190	15507745
15760385	15895284
15932803	15846923
15384679	15720703
15476429	15669332
15610932	15387770
15689124	15879171
15618971	15518650
15618604	15436393
15389888	15404777
16018707	15832995
15664449	15751148
15476712	15722667
15517809	16024527
15570305	15549800
15969802	15952648
15940329	16004888
15752137	15898396
15382139	16006879
15817612	15906405
15548899	15902414
15914726	15829015
15787528	15472457
15403980	15826851
15750581	15402504
15936838	15423142
15896873	15802380
16009063	15521319
15896085	15944460
15647375	15406390
15833675	15588754
15555409	15962932
15702688	15839074
15652593	15502415
15618569	15517210
15495718	15953887
15973096	15740192
15459036	15536628
15553105	15723589
15697421	15623071
15395502	15781554
15521515	15712923
15730405	15539917
15790748	15505118
15544469	15607799
15964976	15890770
16026303	15822374
15964866	15852021
15988890	15695992
15448445	15433175
15919540	15691885
15395180	15880789
15639503	15820955
15375559	15848791
15794638	15922219
16014867	15445589
15822128	15412749
15907730	15884722
16004129	15936837
15686474	15463744
15453740	15445110
15956044	15833248
15951632	15493873
15988923	15888584
15733035	15977839
15448038	15515532
15819359	15897837
15819040	15548466
15559526	15425767
15399790	15455880
15636123	15695152
15673409	15900808
15697195	15891429
15470578	15507839
15921741	15960686
15518552	16008500
16001810	15684897
15871482	15822311
15593737	15662581
15695348	15377211
15394522	15583242
15843439	15914498
15778116	15677578
15767173	15634208
15638656	15999543
16003567	15629863
15507626	15919069
15804072	15440851
15752938	15466250
15961496	15754385
15491269	15774743
15775809	15589941
15747502	15956315
15634305	15644318
15714672	15674648
15503539	15937070
16016789	15695848
15752974	15477790
15882168	15807962
15943966	15428296
15482627	15783250
15509351	15481484
15625957	15722922
15744562	15819213
15797723	15579195
15582109	15830270
15960725	15650425
15982393	15552248
15457038	15770699
15688978	15494922
15709538	15981545
15764130	15881871
15591944	15461783
15430668	15629070
15681398	15483171
15569196	15518944
15441119	15398043
16004623	15616461
15558642	15476397
16007098	15925282
15579063	16018904
15661290	15446074
15776422	15638887
15868482	16024036
15406672	15406918
15395930	15826663
15440325	15791448
15522193	15924900
15630521	15720511
15974786	15572129
15873509	15817916
15540088	15968565
15719644	15579921
15543111	15945468
15651572	15509786
15792275	15649543
15972203	15614339
15566164	15626667
15443159	15507429
15635845	15482990
15844708	15976626
15720637	15913923
15561444	15740420
15893921	15964419
16012177	15915361
15923054	15580977
15433042	15697184
15618179	15830948
15620593	15678170
15842988	15833125
15665286	15956634
15621545	15392137
15755983	15812120
15553810	15626933
15595409	15628417
15981045	15510654
15915354	15651936
15588665	15629099
15997174	15431011
15629396	15732025
15770442	15747526
15389469	15440482
15929725	15400494
15782525	15552838
15418697	15613786
15790564	15994502
15771734	15484832
15792972	15959208
15397012	15733532
15844010	15857993
15600341	16002172
15574602	15385554
15950287	15845090
15578568	15509302
15417878	15974189
15923805	15843999
15412755	15456818
16000237	15569030
15779678	15588771
15599960	15454449
15851040	15619181
15878444	15650368
15799592	15840500
15676667	15598576
15488476	15459184
15446445	15870024
15920944	15936662
15940627	15738063
15839372	15852078
15725743	15666478
15847211	16000220
15777263	15880974
15623828	15919756
15589976	15716186
15964622	15813805
15851695	15517771
15929566	15506267
15705690	15679791
15374873	15716176
15593114	15940887
15482682	15939118
15504662	15843748
15402185	15966492
15606492	15649541
15863341	15452653
15407713	15592131
15549694	15752345
15719958	15576737
15814984	15377199
15521081	15406656
15823246	15761589
15385093	15787641
15790379	15620138
16028197	15656290
15960108	15741118
15814002	15711602
15748297	15704351
15403198	15581317
16018593	15464225
15570195	15911365
15392458	15642446
15581773	15654347
15859051	15542510
15679690	15951025
15524154	15817827
15866337	15748394
15409566	15609070
15686487	15612908
15838616	15625962
16018476	15698279
15519934	15427071
15586015	15494436
15730811	15563362
15648574	15423614
15484977	15944285
15491066	15941741
15779659	15788397
15408460	15859990
15770141	15817485
15420281	15824469
15854295	16013993
15523174	15785498
15629499	15383319
15382490	15778327
15497450	15869606
15979637	15567484
15571554	15984325
15618213	15835118
15595140	15892198
15856270	15609429
16000788	15938657
15837809	15966998
15403477	16015721
15765193	15582251
15535762	15951559
15633035	15723762
15692412	15974572
15459941	15814513
15655339	15629439
15443386	15801677
15823614	15391504
15779861	15612285
15521570	15400655
15794225	15550631
15764192	16014151
15423278	15424565
15898021	15951900
15840205	15520115
15953898	15547036
15910323	15777344
15873295	15734629
15598344	15604090
15547678	15782394
15992396	15898979
15440831	15688684
15386446	15952478
15410876	15515978
15694628	15487199
15571222	15499227
15487100	15720723
15729215	15395963
16008069	16008657
15889575	15946599
15865090	15891483
15514872	15556835
15963187	15629180
15853248	15936094
15454701	15678917
15387138	15630740
15536647	15995564
15888506	15739889
15474305	15734509
15420711	15463379
15839555	15616352
15702021	15940373
15385943	15671260
16005635	15844371
15842999	15674827
15613048	15907326
15487177	15849431
15566647	15726403
15501729	15694705
15910654	15403020
15835296	15920571
15562198	15620617
15424891	15827343
15785009	15434243
16014560	15931586
15620842	15754584
15567521	15382449
15425325	15513643
15558853	15579966
16027887	15832047
15778590	15986795
15383140	15950279
15430897	15792091
15423984	15515545
15930873	15957478
15454220	15614758
15818900	15884594
15871439	15577362
15463497	15706442
15742553	15689469
15416001	15388347
15767752	15664439
15881811	15646321
15675003	15463926
15833716	15377684
15439940	15596106
15772682	15896069
15762741	15834266
15519477	15788943
15409021	15576748
15597889	16023495
15781273	15610084
15683975	15496861
15405616	15766990
15629567	15784532
15675875	15465771
15550883	15435639
16020270	15637344
15488749	15512681
15790968	15790383
15494824	15989645
15704535	15443095
15433897	15692865
15740108	15516336
15961494	15779920
15897431	15883401
16022150	15403087
15923163	15698741
16002214	15557540
15412031	15979233
15525227	16022853
15663613	15855974
15659478	15718270
15804724	16010266
15624128	15851544
15490732	15925961
15633140	15411891
15459100	15572579
15659121	15465479
15414763	15378993
15452049	15837770
15566208	15614804
16018339	15556841
15992178	15529103
15971970	15538662
15787189	15655175
15912827	15785090
15952502	15943758
15730909	15846897
15569193	16000797
15866592	15950108
15992078	15859831
15676588	15476912
15459997	15689167
15829808	15584910
15897785	15598311
15608990	15451418
15843906	15492463
15888578	15475120
15406069	15522651
15832718	15493039
15645501	15458698
15454279	15729387
15532639	15705394
15455712	15382555
15621455	15516992
15975748	15828519
15784905	15592537
15700900	15747365
15405225	15703274
16010550	15939435
15791378	15574163
15923581	15851205
15794454	15953180
15551291	15848164
15778969	15523624
15658807	15767531
15461912	15541101
15835487	15888793
15560732	16012618
15679012	15431587
15682081	15685987
15377087	15757929
15857957	15519755
15388612	15496817
16004078	15594916
15790214	15790529
15517633	15815441
15827261	15593008
15766760	15817678
15997842	15593427
15796358	16005610
15741465	15603346
15421098	15730379
15631820	15585186
15670692	15440685
15792743	15581657
15819826	15577942
15783869	15655580
15710250	15639271
15610326	15995829
15857193	15982001
15566057	15741032
15426600	15948612
15670175	16023363
15680068	15907072
15873084	15933662
15792450	15773127
15848327	15944937
15386363	15741027
15424141	15511798
15607810	15451522
15508843	15810139
15660070	15845358
15694338	15792787
15887442	15584617
15697438	15961548
15383806	15831057
15723605	15574928
15690099	15389645
15731524	15866147
15981477	15572392
16003766	15486736
15615052	15491070
15837283	15480396
15904175	15658152
15807356	15592361
15847249	15654177
15997977	15829434
15702824	15722478
15567414	15622824
15444842	15858137
15785937	15617802
15412881	15604725
15982943	15393046
15619827	15625798
15718682	15995256
15608638	15896147
15982556	15692863
15763517	15480263
15793166	15540751
15584581	15924069
15529613	15695923
15955760	15593598
16021467	15382908
15774957	15632769
15892526	15703765
15449816	15730177
15464320	15417829
15683210	15463985
15582913	16001317
15850005	15545970
15653186	15982069
15435378	16017927
15599436	15653335
15705711	15616758
15618607	15982505
15988736	15527715
15647292	15796091
15499430	15912237
15895884	15926191
15982866	15865557
15464612	15917461
15428452	15449507
15535271	15711081
15767442	15755561
16004056	15815346
15399121	15397391
15420978	15885075
15720716	15977974
15819615	15376059
15779779	15421899
15681176	15951009
15428088	15556420
15573648	16009893
15555018	15929731
15665010	15545169
15432967	15946961
15929028	15938920
15988375	15439820
15795564	15806842
15897621	15436879
15412635	15539802
15413487	15994832
15793065	15567263
15657993	15618111
15393313	15625378
15850983	15480669
15927818	15455072
15897509	15394526
15959107	15483836
15599602	15886333
15927725	15938767
15498998	15525712
15894400	15913877
15554817	15521536
15443740	15419764
16022406	15385160
15781773	15416986
15979053	15449035
15639844	15633436
15555667	15511622
15859659	15752583
15675604	15804561
15571758	15914162
15887004	15805693
15632857	15929464
15939768	15914709
15536898	15500907
15841579	15640631
15940876	15470725
15939823	15645807
15512972	15661353
15779610	15651151
15490911	15758840
15586917	15962419
15981898	15405150
15734968	15747454
15732575	15875304
15980292	15938689
15700835	15780223
15922264	15926687
15592559	15617553
15881752	15644681
15474365	15787473
15648567	15583673
15539585	15818465
15833488	15835542
15973009	15837021
15705837	15911262
15581245	15565669
15783211	15497048
15494867	15383988
15977790	15920712
15888206	15765768
15730742	15706338
15817628	15395864
15894001	15541059
15745598	15860351
15989593	15547832
15932650	15734313
15504651	15721184
15984678	15866398
15928150	15412028
15561847	15880888
15587556	15560564
15827607	15967920
15580586	15877579
15925847	15985725
15380868	16013079
15821516	15456355
15998724	15518562
15480684	15729874
15508544	15436059
15810759	15881147
15385773	15950488
15485824	15397232
15385338	15987236
15803393	15789502
15611682	15703905
15934937	15385874
15495442	15817646
15821618	15815396
15525002	15413035
15626364	16010567
15739028	15525967
15655877	15990380
15443570	15500796
15455432	15771243
15852792	15921398
15687641	15491406
15858430	15820279
15776005	15744079
15793214	15815992
15596153	15501415
15524847	15867245
15947081	15763708
15806209	15789206
15754272	15756784
15973729	15673947
15514278	15913974
15668226	16008663
15951439	15787408
15568222	15491412
15821594	15564744
15915088	16008107
15674308	15588236
15702013	15448013
15440177	15377804
15574833	15901085
16019238	15795667
15420391	15998107
15667124	15394138
15624699	15555956
15759816	15583225
15417834	15933801
15956650	15668383
15646274	15998017
15962139	15599443
15890193	15576308
15686963	15563389
15736198	15746242
15654271	15842145
15647890	15445422
15772540	15482523
15995723	16016633
16004438	15791183
15479803	15964198
15876555	15855240
15651872	15574881
15605860	15714414
15753203	16015802
15863216	15625920
15532111	15521337
15904057	15726882
15829610	15945077
15905238	15600086
15969757	15483013
15403832	15456232
16017695	16014807
15885114	15551744
15877658	15568039
15571467	15896898
15408080	15575191
15609153	15502160
15856580	15666985
15483833	15934589
15461435	15803456
15728059	15926119
15744515	15902073
15383880	15504556
15665469	15754094
15826927	16021872
15554428	15725236
15686820	15955896
15657214	15996937
15713410	15538239
15483267	15456590
15514534	15860251
15583627	15443171
15836412	15963157
15642420	15873285
15867867	15971304
15482128	15669574
15711012	15826858
15805202	15758145
15410388	15708375
15467105	15819008
15525519	15933402
15434719	15944505
15704734	15498214
15565211	15651370
15654140	15595106
15485633	15618352
15818928	15632613
15832462	15481740
15914180	15782968
15550795	15490101
15659434	15900385
15665371	15705842
15931573	15821377
15599305	15736839
15981397	16021446
15393606	15461205
15754412	15510380
15756477	15793193
15978181	15633453
15648740	15639749
15434813	15694422
15874393	15808354
15477630	15421029
15621727	15617820
15926000	15516308
15511280	15693843
15909855	15928060
15636305	15760715
15808225	15699536
15634583	15908263
15780389	15591401
15965033	15854247
15619820	15627343
15885912	16019958
15622263	15394931
15897119	15582353
15582376	15838929
16012144	15590479
15497280	15727289
15702973	15984406
15519439	15793457
15687869	15440990
15601262	16008455
15541218	15877441
15878626	15923107
15868699	15402323
15693024	15660347
15407877	15599848
15596354	15938024
15521665	16004949
15795235	15393996
15501969	15985934
15590845	15650959
16027731	15460702
15782098	15458234
15505759	15388204
15776096	15808388
15867111	15904437
15550937	15862073
15468797	15449493
15864355	15844219
15934268	15683935
15990469	15551022
15913747	15730954
15470716	15968449
15501844	15533264
15693891	15751432
15786878	15898659
15850907	15828461
15652909	15877293
15893037	15457566
15715918	15376918
15939717	15753244
15555024	15975344
15484434	15652645
16009745	15552684
16010398	15667401
15836026	15807548
15521701	15671222
15654842	15515740
15445662	15690824
15674312	15755952
15988744	15724642
15875371	15893592
15650361	15722164
15871316	16023765
15583068	15477222
15916063	16000010
15819731	15586200
15421823	15453619
15410251	15729105
16008878	15982860
16022270	15962755
15933876	15577893
15813130	15412883
15842373	15838568
16018425	16006534
15664126	15651106
15837024	15871530
15731652	15909705
16028161	15777640
15638389	15626386
15465647	15482462
15798309	15904144
15855408	15974784
15786512	15757724
15968218	15479381
15772090	15807710
15457807	15721733
15712430	15513665
15450188	15842907
15473121	15659554
15891971	15988481
15498581	15633050
15852601	15544224
15456913	15517416
15982788	15563613
15863704	16021780
15753147	15970049
15518836	15500098
15735075	15850828
15741606	15630354
15646324	15726295
15490466	15873187
16007458	15441554
15782896	15525659
15986476	15880043
16024709	15825236
15521363	15994231
15646816	15656887
16015235	15392814
16013130	15467821
15816961	15523282
15571462	15829462
15522412	15602375
15511047	15745649
15521466	15529859
15436040	15624459
15755856	15842131
15543557	15904607
16023652	15736430
15728586	15870448
15718183	15996806
15755490	15883768
15386128	15473547
15481807	15924026
15451791	15597248
15386258	15952438
15479474	15725627
15487208	15397849
15508231	15830213
15705316	15470010
15880743	15818625
15984148	15715399
15720920	15596451
15756112	15923000
15998447	15970485
15838493	15517327
15713115	15485324
15704218	15986768
15593768	15489044
15882285	15882858
15942346	15714036
15724787	15424967
15562871	16000780
15411174	15927808
15968928	16014691
15535461	15527675
15476903	15559243
15872970	15997563
15819956	15573713
15380502	15407910
15944140	15745005
15892111	15382824
15909749	15532130
15732952	15666510
15599631	15896681
15986037	15809748
15801174	15725812
15873566	15711100
15412957	15995880
15734359	16007679
15456932	15820464
15908517	15611174
15548642	15408118
15818123	15928304
15533317	15840026
15551039	15391610
15609673	15501832
15855934	15624164
15466084	15740867
15857386	15826251
16013587	15894971
15890456	15404685
15946553	15789048
15596322	15703458
15736929	15850765
15798369	15452925
15913132	15656264
15414241	15448090
16003020	15776187
15790545	15554959
15450915	15445149
15846555	15420402
15382460	15939332
15711848	15691116
15702690	15918380
15529144	15411607
15804510	15494743
15908634	15525735
15565342	15869837
15813721	16005404
15465691	15875906
15997293	15404658
15793353	15451605
15889925	15608479
15487131	15689319
15989998	15734441
15538798	15509670
15416708	15832110
15938999	15845213
15785648	15980336
15424219	15916801
15557271	15998998
15705551	15769807
15891217	15671083
15995573	15764430
15732483	15390818
15459448	15484374
15449432	15909045
15493658	15993756
16013976	15723352
15880034	15404012
15823895	15623273
15819447	15750385
15769137	15605401
15391569	15594221
15737674	15861856
15977583	15974140
15869538	15661967
15446688	15866968
15853770	15979226
15897576	15679573
15402101	15585922
15489616	15959121
15475317	15778640
15519033	15871784
15874848	15805089
15596034	15398114
15436370	15748296
15490781	15550677
15957441	15894629
15477973	15703785
16023532	15816960
15689955	15746848
15428101	15760735
16010066	15377221
15826067	15679274
15446539	15919443
15611364	15770711
15425955	15938918
15668357	15653320
15483045	15699169
15534341	15905243
15701983	15770080
15891294	15596175
15793744	15552563
15894688	15801680
15876039	15872191
15946200	15965884
15384671	15680590
15705107	15833080
15841323	15481651
15590216	15702730
16022871	16025355
15974397	15534320
15764693	15562253
15685258	15524297
15665749	15453866
15844632	15703543
15659807	15576701
15832135	15995477
15768915	15838108
15475812	15676288
15542297	15859400
15966110	15664181
15441088	15456990
15528027	15889021
15798629	15845456
15535413	15557710
15734142	15685196
15813877	15999760
15802691	15395604
15569047	15734548
15649721	15448398
15714127	15475571
15735845	15920235
15450097	15840989
15745890	15876330
15838300	15506098
15389300	15558547
15984644	15866126
15660136	15399065
15630996	15658541
15862346	15902867
15473776	15626886
15708044	15476313
15641093	15978152
15865703	15749222
15625085	15559518
15552974	15827111
15701270	15770488
16025194	15454314
15968303	15736664
15541917	15974604
15484883	15440591
15901141	15488735
15684583	15855961
15571353	15526398
15713335	15375093
15907664	15656745
15942173	15922774
15914386	15544493
15956508	15978831
15979402	15704709
15903420	15764757
15672816	15717440
15601353	15993247
16025704	15731074
15393650	15645975
15926268	15549747
15711671	15832243
15924324	15808657
15969422	15978659
15699023	15569318
15566920	15517677
15744447	15754751
15521179	15605128
15698949	15960462
15905795	15724996
15896292	15397006
15824300	15963845
15679722	15441007
15607442	15585893
15892162	15567514
15831199	15551757
15401159	15784253
15890984	15741278
15652536	15709904
15396466	15990002
15988440	15529314
15565416	15657767
15817981	15893385
15666165	15675410
15532546	15780546
15444751	15906719
16005545	15613289
15600705	15854323
16017650	15478273
15880333	15637891
15775189	15689988
15868712	15399820
15857844	15890021
15490564	16014329
15756885	15467268
15794252	15480543
16000150	15751629
15757174	15678252
15904731	15728351
15378910	15914171
15890963	15483884
15935656	15630198
15747830	15651987
15908996	15786661
15851891	15875395
15680920	15713386
15666288	15934720
15633773	15790773
15874139	15819271
15813203	15719380
15974422	15993871
15516560	15681475
15596065	15572861
15835105	15964638
15872424	15615002
15575751	15664261
15653161	15804834
15831912	15851739
15732957	15390049
15506682	15734362
15987981	15440932
16020191	15519007
15697865	15468870
15902381	15759806
15693588	15888205
15949936	15731225
15822198	15822835
15927169	15677389
15437417	15624754
15667842	15529964
16018070	15932697
15792458	15652498
15846446	15436566
15872330	15444530
15391549	15754953
15986556	15988880
15506391	15863047
15417504	15749410
15787145	15807292
15760739	15767568
15625887	15582071
15975804	15796483
15795634	15517131
15679787	15843709
15987784	15901145
15654796	16016932
15817540	15685192
15699832	15456733
15388677	15908427
15816743	15399803
15907964	15804535
15977955	15905522
15916322	15640398
15982867	15450972
15574448	15566373
15658571	15398525
15998159	15913436
15655812	15917740
15985863	15810414
15600942	15819259
15951774	15729275
15397433	15715897
15795774	15716621
15975552	15644545
15971777	15433801
15976342	15391638
15513015	15691026
15749632	15544641
15484804	15887590
15448755	15855693
15838555	15475791
15785369	15447118
15871795	15622556
15996874	15666036
15849680	15578766
15666485	15643823
15826155	15626512
15985590	15552633
16015392	15744800
15501232	15536688
15998276	15832702
15945096	15791436
15386529	15769014
15910754	15888407
15416383	15647744
15828772	15999463
16025721	15766039
15560784	15426120
15614560	15687507
15561551	15568435
15676148	15759942
15709049	15409923
15377461	15946196
15548794	15506252
15659068	15459856
15760724	15558443
15950480	15567975
15462421	15673005
15494762	16007761
15810005	15681222
15627764	16012078
16000618	15872892
15582492	15866063
15620334	15578329
15664481	15681512
15474520	15830202
16002829	15573717
15928453	15575096
15781243	15486654
15709910	15690124
15542648	15871737
15386195	15512158
15645358	15929678
15686081	15781845
16001466	15385039
15808096	15638234
15662259	15870601
15729195	15820207
15471428	15459359
15868981	15620941
15832464	15573141
15665108	15672056
15598929	15439571
15808895	15385881
15737769	15615763
15826846	15701952
15382042	15628756
15908217	15511100
15732939	15563683
15747977	15884632
15705013	15590281
15489094	15876635
15690941	15529064
15577951	15724249
15532836	15932002
15978218	15392882
15594356	15417754
15846338	15652755
15812229	15971232
15837717	15851595
15487634	15626047
15931100	15855431
15911147	15801891
15658776	15628218
15875302	15794521
15585467	15439948
15505232	15594331
15580697	15699514
15413995	15565577
15866110	15570329
15826526	15869110
15460740	15745125
15604238	15703784
15646256	15736717
15756076	15430133
15778320	15783246
15834710	15416733
15574673	15891506
15884837	15984726
15887530	15658112
15657061	15464539
15646932	15917430
15993969	15550488
15488939	15909233
15889734	15932592
15556480	15767348
15967612	15796985
15957219	15521293
15652454	16013834
15581663	15680285
15646950	15645258
15795800	15812728
15549996	15782972
15408043	15788456
15472128	15611456
15707354	15547570
15524793	15847321
15518059	15560054
16016242	15877015
15405323	15697509
15489563	15811148
15416779	15548962
15786716	15626170
16013799	15722850
16005656	15451155
15380297	15463764
15417889	15712843
15645061	15567875
15438925	15980099
15417165	15808645
15991162	15902987
15956582	15750751
15587126	15716605
15774171	15522368
15736671	15864481
16011460	15980320
15545230	15856005
15719137	15914541
15796395	15710137
15768415	15405905
15998093	15993773
15849089	15486627
15823873	15994311
15967911	15648225
15790340	15958384
15748496	15951022
15969036	15883038
15918757	15867649
15479735	15802802
15749475	15725561
15998780	15638396
15926712	15599972
15951736	15444243
15596628	15488274
15699185	15453450
15918592	15834505
15998929	15509665
15688601	15587207
15814234	15487964
15638314	15741276
15800995	15858678
15987628	15640026
15933066	15924741
15995432	15569498
15822989	15800677
15440298	15812274
15681568	15668009
15946328	15911136
15426657	15605505
15529271	15920154
16027972	15680003
15511604	15728270
15939049	16009402
15442504	15813105
15487276	15928527
15418367	16021472
15885763	15986342
15392207	15427092
15642372	15549924
15770355	15515924
15413849	15464834
16017119	15873510
15812026	15438783
15456346	15526030
15591189	15680262
15971365	15829266
15945223	15987381
15880000	15625126
15795410	15501626
15848319	15444856
16018417	15629932
15731435	15604521
15715633	15452700
15840831	15973815
15422242	15545225
15927209	15768113
15916540	15666142
15822210	15997721
15535249	15967220
15929069	15645729
15534851	15711177
15727682	15554919
15840756	16021536
15777992	15934552
15591930	15892674
15711361	15768715
15972110	15570573
15863458	15680646
15481758	15831693
15514664	15847221
15865150	15972048
15595875	15995073
15854350	15473649
16027371	15522161
15936275	15602562
15620825	15697679
15399939	15461208
15415638	15544042
15740788	15415114
15927382	15772964
15421908	15549469
15985731	15800041
15643417	15581959
15653369	15907144
15853881	15729043
15496339	15751195
15997848	15661881
15874363	15993381
15969622	15885126
15926339	15959061
15853607	15438661
15396995	16026893
15572239	15863487
15397165	15700627
15488300	16013366
15629623	15879592
15941969	15809371
15614676	15904483
15843464	15822691
15945941	15871768
15574051	16015041
15988034	15562637
15624939	15375438
15592887	15444018
15568798	15994142
15568845	15908940
15743916	15806231
15400204	15614949
15975986	15645001
15798800	15948972
15576782	15375886
15982467	16005666
15666141	15795934
15724142	16020235
15957007	15718050
15436353	15700459
15554789	15441476
15773990	15851127
15552787	15874809
15794556	15758216
15471999	15922578
15586841	15421913
15822782	15984674
15649934	15803403
15659517	15891012
16018641	15457404
15975114	15454945
15617627	15989476
15436463	15998635
15955518	15623401
15797175	15924269
15743474	15567023
15730214	15694013
15899055	15906192
15451512	15743724
15764375	15675393
15731219	15438635
15744403	15981456
15779771	15588773
15530092	15522854
15897754	15466579
16006729	15861597
15832086	15463366
15525844	15438740
15415508	15973521
15980624	15576038
15472251	15902736
15748936	15503991
15513669	16001665
15703565	15688939
15645867	15869839
15671350	15734077
15966911	15855799
15539958	15719484
15503597	15568408
15727667	15399912
15785725	15959768
15415613	15400642
15502778	15792811
15596280	15647336
15818742	15465710
15587118	15484425
15509611	15737359
15828222	15940723
15643723	15548335
15830487	15708028
15887476	15943679
15804593	15730139
15514214	15890369
15791208	15579926
15616678	15629728
15939003	15437686
15969840	15978886
15827907	15495500
15990919	16011594
15775102	15743105
15870032	15903022
15856716	15826468
15673698	15819145
15579083	15793587
15812919	15438465
15859065	15401168
15385179	15423400
15701768	15544008
15488094	15617115
15576235	15744163
15882146	15964619
15845257	15527458
15868540	15452390
15935276	15479451
15946851	15464167
15974984	15974837
15431778	15967746
15779565	15911493
15915199	15556971
15833810	15437765
15490704	15629597
15698308	15835930
15487385	15873260
15943637	15635286
15684907	15864754
15810843	15655084
15831611	15771390
15760298	15866721
15638233	15442164
15496601	15557924
16017954	15826966
15410455	15619926
15890719	15686623
15712977	15523683
15620369	15836430
15647933	15677062
15873759	15514390
15498175	15591585
15636747	15731361
15646094	15874136
15774888	15508217
15989815	15534654
15793761	15381530
15914494	15555726
15585422	15703041
15921087	15769638
15759548	15742794
16021120	15748203
15965425	15801818
15811949	15767120
15883376	15924830
15747009	15812448
15869938	15517295
15780545	15385643
15858810	15486698
15634562	15605740
15729796	15789385
15620169	15961912
15429805	15453300
15945626	15680017
15841513	15948041
15876307	15986180
15464751	15846792
15678928	15629715
15980803	15625243
15719601	15788091
15412536	15762144
15680073	15811877
15912337	15992189
15500403	15570880
15411483	15579216
15972099	15403404
15427062	15844588
15893970	15605150
15732553	15397787
15564184	15462270
15564319	15809972
15413062	15584983
15662065	15390848
15834429	15542631
15474256	15629044
15726745	15854321
15476760	15695454
15445394	15617319
15411571	15602404
15921189	15709053
15832596	15461351
15854478	15945370
15731774	15993011
15490637	15686163
15708177	15542710
15665194	15980278
15648725	15858785
15832067	15691579
15733152	15824039
15529960	15587614
15398713	15936467
15650343	15468803
15439929	15833851
15554075	15433633
15532580	15459079
15967657	15431322
15827008	15831503
15616112	15476964
15478186	15385400
15847542	15575950
15517138	15682391
15915630	15732043
15956329	15756854
15970867	15446599
15564642	15400765
15879505	15581845
15843940	15804279
15678062	15558188
15747611	15419458
15572435	15746013
15984683	15905433
15579613	15391938
15876213	15558370
15654221	15459444
16000512	15894197
15466318	15580402
15841735	15982839
15707333	15539659
16027310	15922614
15381674	15391133
15566471	15921816
15961759	16011014
15517265	15462150
15637976	15750838
15564352	15425983
15693334	15604690
16001053	15429285
15413158	15823057
15852892	15955575
15775634	15824257
16001850	15508982
15926333	15532911
15647734	15797776
15664830	15873365
15401499	15579908
15956896	15678558
15444656	15859574
15894341	15393000
15403019	15904375
15934372	15990430
15442047	15670539
15481642	15660918
15739756	15795691
15618251	15725730
15862816	15826140
15748056	15906974
15456168	15819332
15591741	15568392
15965049	15952919
15730153	15713892
15943572	15862173
15897687	15443733
15512705	15828374
15718561	15440712
15751926	15587966
16010858	15672858
15653137	15858044
15454134	15872448
15878038	15567498
15971653	15759702
15739815	15393189
15428151	15913840
15853560	15597974
15734148	15661304
15979199	15544770
15465683	16020972
15393093	15609368
15613074	15836356
15643255	15438449
15960334	15667058
15629345	15718809
15779801	15623515
15380086	15633517
15474121	15991664
15519837	15467887
15799207	15952075
15765978	15726455
16005701	15606092
15546807	15446169
15885558	15803343
15567917	15460842
15661495	15789405
15849350	15819496
15549565	15556623
16009079	15732941
15431773	15796375
15625710	15776595
15889165	15583237
15455835	15943437
15765548	15602173
15605058	15444338
15519713	15884664
15621435	15697334
15481668	15636058
15406736	15558511
15501667	15789330
15821519	15846185
15940035	15983546
15545275	15985415
15949771	15838681
15561908	15488206
15403445	15809021
15489208	15841723
15641714	15581142
15426178	15476220
15937691	15706816
15728533	15570313
15579619	15390400
15644471	15875680
15870623	15507678
15407526	15732789
15795901	16021421
15624903	15986486
15688125	15769892
15413552	15731949
15470895	15717608
15742849	16017344
15464824	15505503
15589198	15960300
15977644	15840357
15717391	15455113
15730782	15693430
15763530	15649028
15896381	15510272
15542562	15559701
15460644	15383222
15893539	15609485
15774785	16003563
15551999	15796836
15517165	15541812
15818088	15882992
15720520	15675160
15518369	15396755
15470889	15871850
15392185	15677415
15459021	15430697
15404735	15730532
15809847	15629868
15729969	15858036
15655104	15978161
15588848	15561555
15731011	15884309
15864894	15460304
15992723	15391849
15802927	15867796
15497140	16011008
15988491	15810902
15722576	15442474
15505649	15699379
15789866	15714606
15436974	15651592
15657603	15960133
15739171	15877606
15714548	15710355
16007421	15473930
15457242	15682139
15650461	15591957
15999155	15561595
15801904	15860427
15781600	15407951
15682681	15940382
16002258	15691981
15907170	15743539
15473117	15595843
15802393	15446903
15789427	15443180
15539035	15528878
15726506	15828704
15756665	15536060
15923906	15771619
15404350	15956279
15920753	15401798
15405235	15438352
15974807	15589144
15801542	15927830
15821410	15993128
15877348	15729156
15605386	15931256
15717343	15967189
15610550	15476738
15878797	15776707
15819844	15631697
15614393	15669344
15967984	15883095
15828864	15514198
15740194	15696256
15584996	15976670
15902452	15801025
15766459	15959058
15646804	15518421
15894545	15921112
15587201	15398048
15778792	15770065
15876113	15689152
15515519	15846236
15777838	15920580
16026373	15617811
15652549	15681637
15567529	15709924
15783356	15996668
15417372	15555444
15764423	15834595
15498170	15651995
15629879	15940104
15601503	16016568
15787422	15857955
15593418	15557685
15391471	15990527
15589699	15664962
15965848	15554412
15940601	15444897
15849242	15645928
16019325	15861534
15899626	15766903
15461535	15794640
15754581	15701399
15870496	15732696
15603784	15790806
15746195	15749803
15451746	15774007
15391458	15557875
15658477	15774402
15803744	15489642
15711969	15664321
15747312	16004211
15922705	16027239
15509724	15777130
15440368	15987161
15557204	15928587
15870644	15697723
15992371	15394764
15765351	15784157
15516075	15691188
15455276	15895714
15491598	15461298
15879077	15600960
15769091	15617431
16019851	15671734
15712042	15488630
15578071	15537488
15573583	15601796
15566660	15974920
15407219	15589974
15459167	15597056
15717071	15505894
15444138	15567438
15809143	15659887
15530146	15887727
15438035	15942380
16021149	15813821
15632467	15754035
15898281	15440861
15583309	15949728
15995545	15916532
15791967	15567133
15729667	15442259
15988450	15903693
15897612	15587897
15835738	15876707
15554822	15727149
15666050	15399228
15653709	15446176
15853259	15997990
15493688	15587392
15892678	15697759
15757478	15869398
15936670	15995061
15994959	15432498
15739069	15721202
15616481	15629452
15786275	15676375
15416999	15816740
15838158	15914972
15664088	16018921
15831102	15948172
15821262	15821951
15972355	15549368
15943389	15714027
15409745	15568727
15957463	15773668
15537210	15941896
15776987	15858786
15692591	15577006
15733435	15957368
15783458	15965835
15992140	15712603
15902005	15658900
15991007	15880009
15645909	15835027
15485319	15713608
15706829	15418992
15624644	15707926
15652528	15481979
15416903	15980605
15565388	15875499
15496635	15590389
15719841	15989553
15632087	15677823
15521354	15972900
15822265	15499525
15784773	15508776
15480704	15380674
15499688	15995712
15620215	15385719
15616394	15441809
15650008	15678004
15697058	15461340
15919796	15819596
15892099	15476494
15901148	15999055
15582392	15488005
15922814	15897527
15847195	15872746
15882173	15928753
15571235	15910540
15789876	15401259
15485770	15864045
15690008	15873746
15601324	15867196
15390970	15763713
15959180	15418696
15483871	15563162
15931745	15845421
15918890	15946566
15512574	15841679
15874531	15453836
15924234	15510572
16027009	15730810
15945844	16011627
15576727	15381755
15761454	15532346
15639056	15908125
15439562	15658335
15818678	15888491
15779815	15888365
15398182	15512369
15994705	15577136
15546650	15696341
15967550	15432459
15897456	15486183
15992489	15737417
15953824	15510979
15567357	15843637
15850553	15677720
15741876	15998431
15523158	15898785
15822745	15819632
15992341	15848634
15816871	15723204
15838754	15897514
15586821	15732188
15462440	15608640
15501079	15993692
15560505	15771038
15378003	15874611
15559966	15853284
15380629	15909974
15512229	16001772
15379816	15922766
15861878	15505898
15939721	15858129
15624483	15686888
15840118	15905303
15824570	15576052
15446959	15405540
15713721	15584177
15537739	15819845
15410077	15849250
15567472	15430386
15866947	15771069
15484064	15623472
15650112	15928348
15558266	15577360
15895688	15658655
15681121	15468122
15982053	15492124
15945995	15554731
15657789	15488582
15933920	15961390
15471828	15724938
16023662	15630910
15740900	16020342
15887010	15732809
15944347	15716896
16000752	15391276
15733206	15846669
15557144	15597580
15427985	15792573
15572380	15896443
15862737	15676220
15948265	15564614
15745151	15697237
15710635	15646431
15669803	15416528
15556650	15591526
15893773	15480662
15392678	15518113
15504780	15584512
15578004	15375235
15667355	15805410
15966510	15720382
15498026	15853430
15661219	15530059
15542478	15666758
15928739	15966537
15757313	15714255
15745573	15741591
16016532	15929445
15943868	15951155
15780290	15629975
16005423	15382568
15679591	15653650
15638939	15817261
15715337	15490158
15935526	15915523
15848750	15830770
15728618	15634097
15755592	15755648
15610148	15595979
15872195	15713873
15965091	15726105
15473174	15949089
15566771	15573389
15985654	15451812
15597011	15627088
15664137	15507286
15517114	15614336
15824950	15954107
15455655	15553192
15997934	15570121
15974116	15596247
15911366	15998306
15776431	15840215
15977849	15792801
15854346	15864923
15591152	15555908
15667179	15413291
15799323	15483597
15418903	15695789
15717983	15829100
15537780	15984898
15756019	15800285
15618448	15549090
15913498	15788025
15652314	15826804
15700769	15970825
15937923	15869058
15550162	15421666
15727493	15793182
15517453	15689773
15617880	15895580
15863959	15698832
15945358	15946579
15537573	15953424
15985269	15695045
15477263	15625233
15579011	15683535
15644442	15663951
15913127	15732247
15730429	15898034
15844553	15927851
15845101	15779494
15497942	15396913
15864748	15745797
15804652	15520337
15540975	15535565
15905662	15887248
15379412	15435451
15804851	15672696
15583307	15431685
15610893	15543366
15777963	15777077
15595914	15992800
15768788	15839480
15530372	15903262
15845248	15844001
15718450	15432683
15711604	15728417
15613095	15933911
15407686	15398867
15706600	15911619
15522246	15987336
15636255	15915638
15864519	15514713
15836860	15798736
15459311	15855757
15543838	15679392
15657901	15487168
15989300	15446418
15709107	15441730
15766565	15800712
15850844	15973406
15646948	15598600
15490318	15587113
15805047	15849321
15606094	15692476
15411850	15679715
15712078	16018299
15860198	15907464
15749576	15733326
15710906	16003220
15718245	15446823
15869022	15584138
15999900	15712701
15678263	15383819
15526342	15395127
15419858	15907735
15388038	15451916
15696859	15877330
15840657	15868967
15884575	15979210
15462755	15465440
15793767	15992025
15835908	15809691
15396018	15636790
15994865	16023051
15839903	15656587
15655130	15985803
15830915	15935593
15383464	15483395
15572394	15598686
15572181	15873326
15580139	15402152
15672144	15541339
16017788	15657031
15790192	15668387
15424047	15618107
15975617	16023857
15891975	15691919
15655459	15689734
15695794	16001777
15388564	15385450
15460277	15669427
15688757	15839023
15526669	15401630
15652497	15824341
15593725	15985452
15663253	15839307
15480511	15513410
15970447	15857146
15504143	15797186
15854494	15921242
15752617	16002116
15447560	15814204
15940703	15623719
15609469	15754817
15488188	15381343
15398457	15559570
15835131	15668154
15539032	15531924
15457538	15835641
15846542	15719493
15594372	15762417
15676518	15437857
15838225	15391957
15878433	15901714
15907459	15829719
15851473	15816574
15411010	15446396
15636138	15594635
15969332	15594722
15761481	15866846
15453157	15867124
15874653	15441839
15867204	15875667
15690632	15935198
15961188	15693763
15919462	16001976
15696938	15566984
15518295	15392150
15818835	15861356
15618497	15665369
15650677	15880120
15395458	15872318
15671737	15492658
15669421	15725009
15425734	15407161
16009925	15715202
15590036	15419497
15534177	15635569
15790123	15991666
15523965	15710224
15476555	15967003
15422793	15947384
15880367	15548099
15463460	15844039
16028232	15796034
15457928	15464651
15403354	15742854
15869470	15392314
15869651	15461527
15507620	15801831
15733887	15587914
15908766	15992165
15379086	15839902
16003174	16018942
15432192	15760558
15837933	15466801
15431995	15764816
15639258	15962256
15448924	15806076
15477541	15802001
15745176	16026586
15483375	15720391
15397791	15656675
15867177	15770245
15881768	15665395
15727545	15958795
15612759	15864988
15538395	15835761
15563561	15949628
15573959	15418931
15382550	15628362
15473900	15636453
15723978	15768150
15606262	15819347
15819229	15703280
15551315	15375255
15913710	15843182
15549135	15822446
15478361	15751064
15998514	15953754
15739777	15988291
15979289	15548756
15708736	15509606
15684230	16026337
15649156	15953776
15823161	15529159
15397196	16024350
16013999	15405611
15682642	15829333
15390774	15680291
15498691	15788881
15923289	15471051
15543941	15710139
15551791	15627019
15525178	15502544
15428810	15994299
15654715	15416536
15810954	15996085
15469217	15850877
15694101	15946725
15412421	15969393
15560360	15791693
15619204	15403519
15967921	15644907
15655868	15458381
15745060	15582623
15425652	15573353
15533903	15787504
15599723	15573933
15387017	15737604
15978567	15423094
15928814	15700300
15475001	15780678
15379899	15837807
15746682	15931200
15923628	15845680
15720969	15820567
15992661	15844964
15847236	15546074
15718335	15847760
15892241	15464494
15637958	15958018
15681911	15849111
15892220	15432453
15776647	15463700
15840363	15976056
15901039	15807482
15935754	15608256
15691379	15608425
15677963	15493466
15388431	15891939
15861283	15640935
15914521	15641944
15399747	15684970
15816320	15674035
15932787	15930073
15851615	15485745
15471563	15733518
15419592	15823369
15422311	15796577
15594460	15631262
15515762	16017935
15698621	15395256
15964108	15638085
15558386	15615313
15925134	15575838
15544699	15923153
15582050	15412921
15963903	15458729
15928144	15820988
15748108	16000579
15455736	15656895
15942854	15862753
15929856	15776408
15742654	15830618
15965569	15645315
15485010	15633113
15567250	15407294
15711796	15559622
15646052	15499677
15833400	15623066
15375097	15934883
15976326	15994262
15579459	15989188
15607639	15619945
15903145	15986183
15820625	15932420
15415981	15727930
15449447	16005586
15840926	15414833
15842081	15570224
15688559	15961256
15808362	15720460
15509530	15710131
15482407	15478309
15916496	15497909
15552237	15551411
15608271	15427124
15627696	15750755
15404859	15393360
15994940	15838702
15470307	15662446
15664626	15885670
16008242	15752527
15930782	15577678
15667380	15972539
15825234	16003595
15801885	15823253
15833237	15525020
15667791	15808152
15558083	15437960
15883474	15912030
15835619	15943498
15489576	15835620
15464867	15871901
15914312	15607560
15882953	15905386
15696695	15902298
15418882	15486839
15531700	15786711
15687098	15712113
15481030	15879492
15872389	15879282
15828162	15979752
15861277	16003794
15772974	15399009
16020825	15969239
15580062	15829441
15418295	15798243
15589206	15538670
16020183	15445168
15893046	15974005
15428821	15525143
15515143	15502231
15879423	15510995
15397551	15584279
15539682	15970741
15993504	15771708
15502615	15935926
15940773	15871383
15843572	15839083
16004159	15737593
15482045	15394241
15804655	15945082
15502997	15959738
15503644	15806159
16003559	15382936
15861458	15747901
15687002	15833845
15630096	15622727
15439987	15946062
15614123	15467711
15920831	15504579
15753026	15678036
15555352	15642175
15861481	15841316
15455139	15561883
15666190	15738095
15968919	15842728
15627983	15438790
15475401	15439617
15625443	15697189
16017500	15396112
15728745	16000508
16001992	15832215
15798216	15817383
15776820	15802986
15909878	15409642
15871213	15677702
15659487	15400531
15822701	15634528
15725206	15799456
16025400	15908655
15489521	15932817
15917308	15879198
15469227	15541892
15414980	15708884
15706813	15956931
15696376	15682011
15843414	15711184
15528182	15728390
15879979	15600155
15732203	15393677
15935626	15770220
16001928	15897725
16018991	15461138
15710460	15462238
15856774	15544680
15823039	15462530
15382093	15374806
15771398	15482381
15722535	15409242
15407148	15552652
15629733	15477913
15877927	15951826
15572837	15857947
15706398	15727977
15555145	15989265
15837804	15697176
15550506	15706575
15636606	15679614
15752207	15884899
15701108	15875638
15700866	15502388
15684976	15895901
15853565	15634831
15781792	15473729
15451672	15912078
15950699	15452157
15901615	15503835
15725003	15864749
15376908	15627956
15605380	15947729
15856840	15590395
15724035	15649964
15995055	15708816
15980721	15503095
15551733	15767682
15510461	15806869
15470848	15658605
15778645	15772369
15911914	15707362
15555245	15405160
15502356	15616872
15511675	15434150
15433614	15627405
15872095	15473127
15517625	15537044
15392320	15505311
16003273	15624239
15914443	16001783
15858593	15573856
15570865	15535678
15965760	15961473
15943238	15503232
15471170	15528039
15431528	15791648
15533265	15743086
15392116	15711676
15745674	15952444
15810570	15834022
15839286	15711450
15911599	15816195
15602161	15420388
15998116	15863878
15624116	16025101
15425453	15864932
15485530	15850932
15897280	15487888
15503490	15795313
15582969	15917154
15759654	15851813
15431657	15838639
15579450	15445759
15791398	15681062
15759260	15959220
15405781	15846410
15927901	15875224
16011117	15525320
15532107	15578917
15997247	15418722
15533081	15929838
15573632	15384362
15965598	15500990
15457940	15608555
15975466	15719004
15904580	16004201
15926809	15766206
15715175	15804398
15988798	15397212
15689894	15795589
15939082	15589440
16018687	15675285
15978713	15708798
15723441	15402717
15489408	15698530
15887122	15738414
15714789	15768901
15755299	15803632
15755504	15849868
15670757	15700768
15617376	15730256
15881048	15967770
15783228	15893673
15503812	15553315
15913560	15609219
16016508	15800292
15676852	15649554
16000106	16025843
15852397	15715058
15527518	15571543
15896758	15894076
15377416	15646930
15766579	15555791
15793516	15677229
15402913	15669321
15459925	15759668
15948584	15527812
15882217	15499720
15848279	15735256
15969684	15592616
15498100	15477022
15541460	15569656
15960874	15438631
15489485	15666041
15583261	15434780
15457261	15624590
15383735	15661262
15847653	15511341
15606683	15937515
15506401	15470570
15558311	15619278
15573600	16018573
16013476	15558091
15516656	16003663
15630050	15568030
15467693	15694216
15557981	15570309
15393293	15567991
15431439	15521792
15761147	15492919
15535637	15989952
15407623	15386416
15849043	15600590
15745145	15789817
15652052	16007648
15548261	15938385
15485339	15998552
16009277	15437250
15827558	15760415
15686054	15403057
15923558	15710264
15451323	15401783
15910691	15615951
15610837	16016969
16020087	15463507
15786175	15856652
15920662	16000280
15518309	15409771
15939981	15477037
15961723	15808746
15880987	15973399
15460169	15930872
15675279	15410463
15539020	15601976
15383121	15472979
15683947	15833061
15642575	15568361
15939350	15603942
15781899	15420586
15683689	15880958
15496909	15687656
15689234	15607061
15507281	15931377
15961859	15854608
15582828	15406550
15834987	15766229
16013706	15824072
15541886	15559580
15779427	15747351
15840612	15565562
15822907	15650451
15726445	15854730
15494290	15684200
15754135	15925224
15667650	15821736
15619886	15869576
15443115	15625992
16023989	16000387
15791315	15747785
16002504	15703549
15695098	15996312
15866123	15741973
15497981	15513268
15586939	15958219
15456758	15598393
15919189	15729865
15796897	15550450
15601780	15886457
15927643	15509735
15426877	15774017
15790698	15746148
15828238	15870280
15714835	15939478
16022240	15488846
15893470	15655347
16003978	15420728
15913930	15927859
15724675	16020143
15569154	15904073
15574554	15895761
15947291	15610186
15435816	15873761
15856198	15869848
15795217	15937857
15979523	15707964
16021424	15401953
15971421	15923021
16010657	15706048
15583594	15706026
15712565	15639068
15969454	15447667
15821876	15803389
15821950	15605041
15766280	15676818
15676149	15791917
15665637	15407062
15571233	15652103
15546967	15870513
15940210	15503281
15576504	15557267
15464192	15699885
15798894	15809153
15559476	15439237
15991446	15965038
15869941	15651767
15835554	15848390
15464589	15771951
15980766	15740771
15600049	15980986
15647789	15507793
15464499	15382582
15525485	16022233
15405800	15828665
15771413	15748507
15717402	15522822
15714155	15824757
15708629	15521067
15718663	15720488
15626518	15727773
15726496	15611490
15697325	15606060
15533296	15444083
15715726	15529856
15964791	15472296
15900752	15885095
15688604	15702258
15952573	15833893
15412103	15718001
15975421	15668284
15605201	15919252
15562707	15566651
15903736	15779151
15718434	15422147
15970315	15389337
15997215	15930714
15936211	15875863
15818185	15644080
15395639	15490888
15948532	15888100
15757809	15563723
15410770	15467800
15961846	15538226
15510791	15852056
15747994	15542924
15645488	15409606
15842485	15912674
15786232	16009704
15684913	15845779
15722060	15393409
15982288	15432050
15401536	15614350
15479143	15808692
15908664	15563078
15741055	15570934
15452998	15494910
15495159	15744850
15758614	15666548
15847895	15642443
15471386	15658206
15983340	15697976
15831201	15479110
15922762	15527054
15921902	15839595
15619792	15525184
15816130	15422737
15636861	15592041
15541717	15895231
15449863	15931141
15651952	15438549
15600777	15997171
15815935	15410553
15468091	15486564
15719366	15764232
15961435	15905442
15741780	15604897
15459589	15719140
15722869	15746046
15652820	15597362
15558215	15497868
15396601	15883295
15559458	15928771
15597938	15722005
15825969	15706223
15701146	15887915
15999754	15558323
15850094	15945722
15805373	15608006
16002259	15708848
15398360	15613510
16013239	15948548
15601157	15682546
15891008	15468209
15838394	15390649
15762869	15489159
15487607	15713636
15688208	16008125
16025742	15734871
15972188	15477089
15676255	15672763
15489099	15870250
15819111	16009172
15607547	15905804
15708929	15420009
15854602	15508784
15885446	15509795
15584455	15545579
15585875	15589954
15849380	15717543
15943039	15696830
15856981	15727050
15378146	15617213
15769330	15519645
15374859	15977197
15820804	15542660
15589245	15718829
15517711	15859556
15866267	15653329
15990536	15493735
15863524	15921525
15630591	15446329
15527992	15692508
15489022	16005759
15917945	15759252
15779232	15818147
15474601	15485270
15564350	15537157
15471766	15748763
15621019	15561125
15400566	15436829
15951174	15702213
15503343	15606762
15668375	15379741
15823026	15833771
15972789	15508402
15736860	15499847
15505474	15395769
15407392	15398030
15440215	15981623
15465558	15588916
15426209	15707961
15735690	15379130
15691486	15458810
15450687	15830956
15749794	15981588
15648307	15777658
15923556	15693507
15615725	15416772
15816546	15991138
15858894	15891038
15680201	15738436
15841039	15617125
15681366	15380051
15435293	16024295
15577060	15690435
15836902	15721616
15907485	15755094
16016815	15391875
15651035	15874618
15873532	15661434
15800991	15906933
15517864	15460965
15534521	15712533
15775461	15540954
15779149	15474467
15932655	15688968
15658945	15903995
15708393	15809512
15606967	16017778
15545572	15803150
15668701	15826867
15405127	15674462
15520740	15452012
15880262	15397045
15598866	15971037
15846530	15450205
15527236	15757849
15542308	15978559
15858644	15808896
15813090	15870577
15408926	15567654
15939193	15824789
15685106	15620135
15603397	15442398
15570227	15554500
15651092	15480709
15656211	15886063
15760010	15788620
15856573	15916638
15460431	15407013
15687816	15896263
15410177	15634865
15487306	15745564
15585332	15695584
15716485	15493248
15874973	15432302
15582979	15530538
15586247	15834842
15402857	15489206
15914804	15923352
15909422	15800942
15845945	15834271
15377082	15824221
15581173	15639927
15765862	15655794
15399191	15551132
15596882	15732097
15782475	15689342
15937623	15552065
15681450	15414152
15995089	15890523
15540299	15618509
15526896	15911239
15600356	15409589
15996324	15956519
15605113	15600957
15451778	15439485
15453561	15843275
15578287	15734281
15488825	15934377
15647931	16002910
15608186	16014426
15820666	15912016
15774506	15608770
15478795	15445453
15673943	15958753
15443469	15990889
15774848	15416223
15976950	15595214
15638885	15804523
15872662	16025311
15761412	15444185
15743702	15465487
15912523	15871818
15444036	15994190
15552678	15872963
15489108	15948538
15667860	15692845
15722565	15573397
15612677	15643340
15573082	15885658
15704969	15604423
15851605	15906289
15805443	15582856
15705861	15537852
15936935	15923357
15535573	15723253
15438139	16025167
15544551	16012855
15659518	15766839
15446510	15414431
15649016	15923577
15836358	15546011
15375221	15941027
15717710	15539087
15823390	15906588
16026938	15974813
15983977	15895514
15940155	15399977
15854073	16019299
15973254	16025321
15864412	15560296
15432075	15724516
15457724	15912867
15547139	15921720
15772824	15480992
15869764	15446771
15457884	15830797
16019265	15553891
15400155	16008688
15625711	15478063
15567127	15856313
15546457	15738186
16011832	15535001
15510764	15942752
15923105	15862546
15641989	15462624
15874995	15416116
15991123	15432261
15954271	15509838
15473726	15979303
15462677	15850396
15768649	15972169
15642512	15425352
15855410	15778173
15492401	15505528
15461230	15812646
15829998	15801715
15971742	15906227
15984348	15794976
15685096	15982922
15578793	15662075
15849427	15692581
15538600	15592775
15785936	15921436
15914646	15873167
15838994	16015996
15495523	15702238
15630836	15577630
15461520	15996183
15434989	15534497
15979471	15897897
15754777	15750301
15982041	15825582
15520580	15488044
15894867	15860040
15944292	15690809
15532635	15435245
16020549	15617975
15879983	15539425
15830497	15987811
15464244	15397756
15821126	15927948
15394341	15799106
15827678	15778454
15770627	15877374
15743075	15734995
15477817	15523816
15725139	15613832
15473052	15911348
15727726	15919316
15406091	15526372
15555653	15530846
15435282	15789689
15404092	15690847
15485449	15908676
15597807	15435343
15971605	15858973
15546323	15653053
15882906	16026797
15453074	15697417
15840074	15581833
15631134	15950843
15401612	16018484
16008052	15949537
15856537	15864146
15856646	15964582
15962819	15734277
15430399	15896920
15575172	15567499
15911429	15825932
15931689	15698545
15411752	15628302
15531431	16012104
15611964	15386321
15434619	15746474
15895052	15856782
15610403	16003386
15706131	15654809
15534227	15497943
15621746	15672147
15672775	15847900
15687112	15681036
15418253	15691272
15949262	15629945
15794005	15701630
15982591	15989140
15803201	15886904
15676127	15997151
15773975	15871218
16025495	15758806
15624416	15840283
15383479	15981018
15928120	15891998
15593453	15541418
15590598	15391586
15417882	15655773
15385277	15498877
15776486	15504529
15422403	15959857
15949349	15944810
15429162	15636315
15920160	15384253
15949095	15505719
15769979	15782907
15971527	15760858
15848147	15777456
15997372	15956500
15482080	15661158
15995637	15659223
15866682	15714466
15723957	15993347
15776280	15617657
15952359	15702715
15985271	16025142
15775195	15937028
15485215	15672854
15959784	15968079
15752155	15494278
15607056	15388618
15797409	15702278
15394824	15774120
15739820	15688911
15942134	15863661
15780558	15630701
15487704	15423602
15446774	15917098
15588269	15625069
15920844	16003126
15875719	15685920
15680844	15589151
15827593	15614554
16002969	15508555
15786845	15497780
15728402	15431126
15405297	15601223
15802658	15699134
15968492	15630752
15967533	15578404
15943767	15665773
15975100	15808101
15914149	15777034
15724998	16027117
15549436	15887659
15504490	15613172
15630810	15866543
15896799	15873704
15609305	15666439
15978655	15525331
15572274	15815847
15993604	15711687
15457740	15940262
15930168	16007015
15529138	15953624
15433156	15411587
15852840	15908713
15566106	15677853
15396479	15701370
15908257	15392264
15611454	15631837
15984547	15659501
15536108	16018933
15866698	15851480
15791644	15403062
15724295	15941037
15890957	15546593
15987274	15708263
15602453	15592348
15549993	15667780
15427535	15869550
15595836	15981593
15941649	15391660
15574757	15699345
15920705	15855528
15873596	16001592
15596434	15527719
15585056	15721282
15584190	15892608
15513745	15709671
15643495	15705672
15638666	15706616
15628866	15588621
15711328	15530228
15875829	15484286
15432908	15711568
16007240	15785679
15570245	15600242
15873621	15643160
15963906	15728560
15542383	16012777
15385581	15554688
15386125	15773407
15828688	15787275
15551787	15829907
15765336	15390833
15480763	15857166
15539081	15479165
15535895	15625630
15682278	15606945
16000899	15828502
15909472	15572900
15888754	15883266
15907544	15412205
15787339	15934032
15654722	15709117
15482028	15584275
15961121	15995797
15608456	15584026
16023186	15691047
15759078	15792616
15597216	15545040
15505579	15979781
15977563	15966416
15924061	15952308
15986782	15970497
15856159	15750705
15827633	15467775
15453395	15666669
15907306	15586926
15838990	15683136
15896963	15621522
15431492	15968949
15405589	15840616
15566519	15653909
15396151	15734687
15725322	15511317
15664822	15619804
15550325	15419485
15426190	15834681
15701204	15569946
15697477	15707401
15770500	15470091
15499429	15506016
15968216	15482782
15796991	15385240
15964054	15936269
15923361	15801416
15855487	15445098
15752483	15819602
15949186	15467087
15418060	15723795
15891589	16005187
15856242	15596245
15615297	15542186
15770580	15674383
15551320	15661915
15856595	15556759
15442003	15824987
15771644	15798481
15471432	15886103
15680056	15653735
15788711	15970559
15965802	15775405
15455560	15956437
15545556	15554931
15870345	15694901
15868759	15816144
15907816	15539921
15985568	15405695
15467375	15430033
15666197	15765157
15389935	15412410
15576365	15613177
15888152	15869050
15744854	15496629
15506598	15505724
15565426	15911723
15758447	15541012
16011034	15561697
15578106	15743921
15968549	15751231
15442716	15639683
15855144	15674257
15649916	15515523
15611282	15793573
15901738	15766941
15494639	15810054
16018884	15690638
15599747	15832256
15837314	15696142
15768820	15898431
15589554	15820139
15746372	15401672
15518284	15459678
15448361	15893382
15955937	15399368
15576619	15620439
15630857	15844601
15695732	15522379
15457283	15745707
15981743	15414285
15727528	15985763
15494925	15617768
15788715	15901364
15751794	15544345
15856693	15827340
15876426	15907276
15660709	15497250
15416551	15643846
15635607	15480288
15906189	15808260
15959373	15377821
15750677	15872754
15419327	15852352
15589070	15477922
15785291	15878003
15769829	15550730
15787556	15736796
15752539	15955020
15726930	15933777
15665520	16027665
15531561	15645100
15533257	15430114
15874945	15563962
15731182	15970076
15519721	15435349
15878420	15624318
15977473	15760736
15843184	15848835
15737840	15614195
15744024	15797389
15591844	15872007
15678868	15524865
15896894	15667198
15753898	15871774
15419669	15846443
15517736	15815709
15443003	16010795
15724554	15926508
15538614	15954612
15576411	15952963
15670148	15410788
15945817	15553559
16014415	15930261
15596242	15804270
15806983	15895106
15718323	15707931
16025658	15639889
15899640	15710388
15604182	15989838
15382493	15860341
15409846	15553156
15378277	15781912
15705045	15485955
15969989	15492167
16025233	15532353
15770904	15464911
15456050	15638962
15844808	15731256
15687509	16007604
15458658	15765315
15976114	16026912
15385178	15683321
15993167	15704334
16013180	15585609
15997285	15985924
15410599	15572729
15835223	15531829
15975534	15889939
15707655	15595287
16024596	15656343
15594404	15838090
15381439	15432236
15849514	15638842
15929437	15694170
15800255	15764522
15661689	15436292
15850565	15474164
15893490	15606261
15490531	15426094
15424919	15408128
15670683	15877187
15710322	15617432
15547458	15889240
15586517	15912933
15507037	15944426
15658040	15765872
15825174	15845662
15436396	15825760
15605776	15403024
15446242	15893240
15636414	15740532
15594870	15512338
15996605	15686437
15954903	15950214
15993369	15780217
15625082	15989938
15516491	16023152
15945902	15459264
15547991	15388932
15376714	15579017
15724717	15575364
15659621	15744415
15390475	15860697
15818524	15723389
15705557	15786631
15845765	15530771
15445959	15669129
15454157	15569547
15555501	15978369
15924955	15875890
15714104	15936549
16024447	15618686
15818939	15997229
15743388	15692778
15822280	15691744
15578841	15459319
15625591	15735860
15392469	15891726
15396554	15478146
15746509	16001787
15445193	15619489
15657806	15957182
15737222	15971280
15934841	15483681
15948714	15435884
15569256	15475855
15583537	15969568
15786616	15433410
15886348	15963046
15899690	15530925
15725952	15433782
15632488	15705062
15618289	15986548
15958625	15449046
15842343	15514287
15499031	15972687
15550517	15784426
15465554	15803520
15628128	15820847
16000226	15550839
15800515	15741115
15801039	15905904
15909616	15648111
15895376	15650407
15415041	15907050
15830425	15383324
15394938	15720287
15834740	15584923
16019890	15831317
15915863	15711882
15390642	15765098
15919261	15636552
15822975	15848080
15495153	15441833
15934881	15405692
15987118	15841360
15607439	15855748
15611775	15604636
15421003	15797351
15866050	15728216
15931228	15554383
15631779	15455061
15489484	15647527
15379186	16020254
15520906	16015681
15550997	16015753
15472243	15845135
15420380	15849032
15515427	15390976
15636526	15594367
15987838	15698183
15415712	16015634
15748805	15526456
15534215	15730160
15755327	15639439
16001534	15469404
15654577	15543008
15832941	15924708
16022529	15727306
15955609	15423312
15593959	15589663
15797489	15428053
15799011	15516762
15772022	16015672
15986385	15560023
16010270	15598665
15569411	15943665
15429568	15561285
15964673	15853800
15847666	15748461
15952170	15879290
15501691	15858294
15803497	15622201
15591886	15529377
15540218	16008658
15895730	15688554
15531311	15429256
15580335	15630732
15413683	15440841
15878126	15856694
15439911	15566034
15798710	15613223
15422446	15438215
15878240	15939014
15982008	15539111
15972389	15521698
15844456	15885309
15583135	15996842
15946040	15511313
15915518	16013146
15777733	15548816
15842635	15381275
15436056	15877405
15551054	15717684
15442935	15387744
15524951	15379068
15640122	15434371
15385711	16007251
15505946	15614595
15826018	15455443
16003350	15808977
15847702	15600619
15918622	15643062
15596602	15874708
15678690	15513413
15923448	15642857
15758208	15989571
15745728	15540921
15625329	16013356
15415523	15858760
15717686	15539386
15596118	15993632
15800747	15656097
15706506	15470803
15692193	16024517
15407962	15989314
15795864	15524132
15928548	15696288
15996802	15509254
15598217	15955623
16000164	16006200
15977770	15531673
15782283	15909277
16020998	15655496
15841530	15597787
15824652	15735112
15960750	15963161
15971683	16003913
15644060	16010161
15890134	15422445
15911060	15701771
15902699	15849304
15972889	15669385
15890314	15860745
15389093	16020146
15490643	15584285
15692373	15965407
15387447	15898523
15512900	15621538
15471969	15855173
15942976	15986064
15657598	15626004
15691831	15457784
15997182	15498614
15544947	15869204
15940079	15849720
15922132	15871722
15536815	15689028
16018784	15431524
15887706	15885418
15553981	15836983
15621844	15426182
15663574	15818527
15551410	15470219
15743842	15831501
15553101	15757950
15478637	15428269
15470926	15538539
15796385	15525782
15487253	15490332
15929577	15495065
15719473	15641726
15915508	15963320
15927488	15872098
15547456	15837649
15946274	15539556
15939381	15937738
15926929	15784913
15721864	15839062
15678628	15781760
15794751	15915330
15400941	15975253
15469602	15558339
15738942	15551187
15802827	15537980
15643413	15713094
15516325	15720398
15586305	15421182
15890483	15940062
15944101	15861194
15461680	15607521
15747557	15440438
15488671	15914483
15397565	16002541
15382763	15438949
15763558	15883154
15588963	15900511
15896045	15863418
15868975	15937130
15967310	15610852
15550410	15418494
15622520	15966024
15720053	15804902
15459266	15552431
15566762	15418872
15735976	15905794
15474439	15581269
15388398	15442876
15430296	15634207
15377679	15991055
15913999	15842525
15589393	15560952
15446887	15522059
15427388	15442102
15515558	15844995
15501478	16011377
15854269	15935889
15486635	15591642
15742880	15827472
15485836	15934199
15440752	15804466
15472854	15941445
15580313	15712360
15400915	15749491
15539322	15775997
15796401	15592511
16021588	15572895
15645028	15452169
15807479	15605894
15547862	15579423
15874326	15496615
15879476	15482573
15461641	15593168
15499835	15811047
15981729	15903697
15806684	15794955
15810565	15645665
15735929	15471108
15895729	15706896
15771112	15775639
15553433	15856050
15603800	15921491
15970939	15699001
15769564	16028298
15491867	15406856
15429780	15880112
15515618	15960371
15580301	15966203
15797816	15586024
15505919	15961692
15416298	15782388
16022847	15829682
15939048	15563726
15518844	15423404
15619704	15666177
15867422	16027415
15376808	16001218
15776930	15769688
15705106	15663587
15797684	15975034
15584018	15681932
15961906	15788590
15805861	15855123
15869901	15457996
15584312	15759419
15398140	15556081
15971951	15822315
15836872	15954219
15616190	15813519
15770049	15690570
15798046	15716913
15438996	15599708
15628582	15436200
15434052	15860434
15781605	15519831
15571815	15947415
15542209	15573745
15968258	15871377
15684320	15552662
15733325	15499885
15878748	15889388
15911511	15953709
15528787	15811724
15386368	15775378
15402615	15716014
15460731	15685022
15431629	15850648
15413299	15387130
15802462	15718593
15560706	15522032
16006224	15869801
15647808	15497257
15611038	15496486
15537767	15967832
15536266	15863855
15447209	15455217
15539499	15633749
15423010	15537522
15501813	15918445
15634123	15540871
15801566	15960802
15472943	15974278
15413369	15584451
15816122	15933702
15507036	15749449
15990342	15518067
15997983	15945323
15623185	15998873
15523668	15530489
15702576	15932317
15685737	15796047
15471279	15995252
15501892	15714913
15786380	15955132
15790704	15826638
15743926	15435103
15523050	16025440
15880096	15767940
15510952	15710127
15499862	15786067
16001338	15574891
15444862	15525909
16018893	15730279
15967571	15893690
16022422	15763317
15651030	15530069
15386333	15595193
15793964	15514353
15379382	15665881
15524624	15770888
15791673	15601561
15510581	15686184
15776672	15679240
15882000	15620900
15688778	15814661
15674378	15396690
15507754	15577611
15708946	15569253
15906006	15998548
15495431	15515811
15736983	15817732
15519536	15936696
15751602	15777040
15612934	15966123
15977620	15739468
15781482	15972848
15549886	15954345
15918793	15937872
16024381	15944849
15501062	15394210
15599186	15722931
15823234	15643557
15469154	15507161
15533362	15724472
15822345	15485238
15502610	15574112
15846789	15729252
15634493	15758280
15833653	15522533
15685557	15981908
15590149	15501172
15689558	15486659
15696230	15887833
15642955	15798495
15557842	16014932
15425264	15761794
15531336	15755767
15682316	15505744
15497599	15876100
16002387	15587155
15442469	15428129
15463113	15691160
15683305	15492008
15808578	15542643
15788262	15784775
15426324	15938462
15875038	15381026
15697677	16007144
15512520	15544712
15666817	15381088
15995030	15850630
15594287	15720405
15507437	15595321
15504436	15385425
15683409	15554115
15591830	15855842
15869724	15444316
15688997	15569202
15850928	15645130
16007296	15504620
15925490	15525055
15766930	15394196
15779079	15669880
15943812	15436080
15737041	15997056
15837112	15389407
15988287	15754703
15460373	15860967
15596161	15953507
15701556	15783578
15869019	15863286
15902936	15542833
15730815	15540968
15866117	15529328
15635783	15458557
15769244	16019869
15787984	15452062
15945550	15680319
15982968	15720685
15930291	15445322
15582272	15537145
15774100	15635201
15663067	15430001
15777883	15499252
15504568	15872324
15593359	15760147
15689588	15869492
15742333	15718756
16017976	15413894
15558105	16027272
15955004	15876299
15668268	15601544
15686939	15515550
15426348	15496412
15721022	15880732
15738290	15658738
15820728	15508145
15879534	15441538
15570959	15953653
15948720	15859436
15714235	15390393
15500938	15998391
15565739	15700752
15669071	16015582
15666675	15981444
15885739	16001583
15437727	16002646
15947923	15512894
15792375	15394546
15846573	15706840
15570584	15612659
15381260	15641779
15968784	15822983
15900287	15499305
15861362	15843654
15972194	15701019
15785272	15628349
15790293	15918844
16015373	15443100
15481936	15911217
15739872	15682052
15413865	15724432
15984204	15574637
15449085	15650828
15492408	15836946
15433546	15486407
15847409	15689246
15904777	15711957
15786930	15623921
15884911	15613024
15957983	15775232
15691306	15517477
15929542	15444267
15802646	15837622
15870571	15756135
15445632	15464686
15669081	15494767
15449071	15410428
15889316	15891449
15832529	15880872
15685622	15857502
15694205	15577779
15702788	15635290
15913837	15470441
15419384	15595768
15944519	15719825
15599802	15400475
15842926	15377745
15593876	15506406
15564281	15996234
15578238	15903836
15485852	15897951
15432693	15831284
15377255	15786619
15908864	15545133
15951163	15413823
15618010	15636117
15851492	15526317
15551099	15983289
15562310	15728853
15818728	15860057
15933569	15883779
15861026	15970618
15771904	15940029
15607508	15569979
15471265	15999217
15539469	15949555
15767213	15481259
15807994	15419311
15496365	15616993
15722707	15788012
15384122	15591927
15706011	16007225
15990404	15723600
15387721	15509574
16000455	15677139
15989382	15668361
15407945	15505279
15911948	15478852
15476257	15968046
15568835	15795149
15394829	15599752
15687841	15378936
15628581	15376193
15732588	15748433
15805093	15422606
15514580	15466619
15519141	16024004
16023441	15766780
16014991	15633272
15789830	15789004
15766389	15964992
15654408	15408162
15781175	15476099
15913019	15747416
15738714	15760841
15484547	15996733
15910773	15840434
15718890	15743852
15996549	15480978
15592759	15773428
15376644	15407107
15837799	15638095
15666227	15605703
15435384	15826001
15569771	15721387
15596953	15729851
15538282	15536749
15838244	15993005
15813393	15525872
15615499	15880977
15864070	15442995
15837657	15929923
15673721	15406229
15955071	15997116
15936583	15608240
15444393	15531325
15975893	15477588
15639875	15499343
15689365	15457625
15814898	15839137
15701372	15649615
15864635	15645122
15781657	15692071
15897161	15819047
16024759	15653569
15610658	15685396
15928318	15620863
15743964	15389015
15389256	15557249
15642222	15450490
15513304	15622587
15638940	15788192
15957664	15879525
15440595	15874912
15392562	15974299
15452499	15887333
15915957	15593543
15459591	15973956
15705024	15554283
16024628	15818734
15793860	15623418
15400517	15416160
15890161	15703194
15474668	15529264
15816019	15630676
15660048	15439348
15901217	15474251
15934522	15962067
15473310	15604557
15869817	15879455
15385905	15541263
15730619	15668200
15849323	15866011
15405359	15636703
15538700	15923561
15575264	15865024
15503276	15454621
15540822	15846079
15691476	15853173
15807670	15647102
15460559	15430764
15790458	15827505
15617690	15652205
15993828	15728694
15464422	15581005
15980472	15995874
15986942	15513579
15899155	15778676
15456051	15922672
15597308	15659386
15450457	15846288
15753821	15456588
15375986	15868639
15538005	15851610
15579142	15710405
15417723	15814433
15388093	16007202
15962109	15507336
15704041	15658500
15693054	15790903
15957709	15437766
15697205	15575727
15700858	15779908
15543816	15938236
15548989	15483732
16015656	15804161
15749899	15937351
15382338	15453533
16010892	15572525
15574877	15414303
15555441	15665270
15732494	15527548
15503184	15947197
15984339	15917444
15865947	15785818
15558358	15568508
15776546	15673171
15509223	15535737
15501438	16006483
15438778	15991619
15974533	15746089
15946949	15866692
15428181	15711762
15996465	15566464
15500073	15500895
15659194	15882532
15554313	15428411
15654264	15820938
15723806	16009625
15597359	15954464
15906730	15761528
15529337	15591937
15421134	15868247
15723857	15397323
15552959	15610856
15987989	15626128
15509072	15909709
16008866	15758622
15993721	15731298
15611226	16025619
15525447	15928291
15855902	15693612
15988203	15597700
15735945	15791403
15997089	15872143
15557179	15801736
15535999	15508769
15752623	15886794
15619044	16005848
15389897	15481048
15432104	15801809
15885845	15628374
15914008	15871358
15764927	15748089
15412756	15897712
15480789	15793763
15460903	15721850
15558177	15936669
15806559	15470136
15948139	15452711
15394703	15542637
15579532	15557891
15510074	15894774
15532340	15740575
15551766	15460626
15489295	15390434
15783493	15450810
15996757	15591083
15999878	15563075
15790838	15428930
15917804	16008781
15539486	15738470
15667289	15417495
15862758	15461915
15671694	15632188
15922984	15977629
15799007	15600742
15838871	15753148
15814494	15503044
15387412	15722170
15966546	15987815
15475310	15415469
15863330	15428827
15823598	16008792
15827202	15693092
15925195	15809029
15768855	15707206
15431790	15576874
16010984	15466667
15383452	15569014
15968962	15531352
15430130	15690233
15497849	15386731
15869210	15550566
15736439	15916290
15748052	15889881
15708038	15546250
15420953	15502036
15864309	15446465
15873577	15528857
15524436	15824646
16018836	15927164
15790229	15747406
15567819	15460208
15883639	15428170
15767467	15462555
15833296	15536927
15448722	15812569
15774374	15719116
15839159	15432827
15477739	15722436
15896666	15633341
15872770	15737717
15408045	15589114
16011201	15743707
15402885	16004917
15567680	15402767
15825599	15955770
15931101	15402454
15526403	15700559
15868948	15644125
15741786	15641486
15900569	15666266
15806386	15885960
15611465	15737936
15554149	15393050
15528875	15788392
15763812	15710573
15885711	15388126
15497533	15704506
15879389	15936974
15792590	15972464
15493337	15614059
15899918	15585806
15688038	15610963
15981577	15814678
15912068	15674388
15390265	15933745
15640863	15982978
15888020	15513141
15616840	15773537
15381950	15848261
15782174	15874518
15797434	15739556
15714971	15895968
15982914	15953916
15549521	15502605
15499098	15751997
15947735	16000614
15952587	15862849
15469476	15921933
15534608	15610166
15602326	15559564
15677719	15655100
15816561	15525230
15586483	16011471
15865784	15840057
15827658	15737977
15759257	15703102
15699245	15407368
15502343	15955919
15810808	15486820
15785541	15778096
15988974	15891783
15792387	15828191
15387258	15574691
15978165	15866150
15909741	15877814
15964528	15727562
15737681	15926089
15400134	15789593
15835593	15869165
15479155	16015947
15461385	15566271
15381557	15591383
15810623	15486389
15981065	15451033
15629093	15661874
15811817	15903774
16001038	15854285
16026702	15699239
15559846	15658144
15558077	15671441
15426393	15553510
15958080	15668153
15902366	15421511
15598078	15626030
15887647	15708111
15712684	15990242
15846367	15851084
15509069	15667231
15815705	15947224
15836519	15866044
15629777	15656186
15843292	15898233
15487784	15727229
15838036	15775485
15913883	15915960
15814415	15572200
15572226	15754071
15573011	15860611
15380089	15599728
15449076	15386707
15997207	15570142
15500439	15812461
15375277	15942628
16001987	15927681
15422532	15434622
15971869	15410104
15669404	15569295
15982469	15810311
15558864	15769394
15775682	15480469
15879040	15776500
15908330	15698642
16019859	15434828
15943126	15961982
15637517	15418693
15453235	15926643
15957393	15454363
15865671	15646434
15471792	15649511
15920130	15587795
16019483	15820932
15602336	15785137
15710821	15412477
15624609	15634451
15533531	15864135
15388926	15538003
15754534	15459885
15429538	15590238
15544618	15437386
15443064	15716352
15876608	15754852
15956178	15651531
15709296	15457705
15443550	15914843
15846913	15860140
15755197	15646466
15975103	15450375
15918369	15681556
15554293	15701724
15402918	15884298
15503850	15448096
15885571	15541313
15586085	15856512
15848126	15868261
16015778	15666198
15800572	15864117
15659523	15969345
15934158	15814787
15562808	15423701
15491099	15596290
15748879	15938034
15613523	15553745
15721060	15926286
15636562	15631506
15900588	15453142
15814098	15998404
15402470	15916385
15893235	15457095
15612806	15863281
15580636	15467967
15555636	15794156
15536348	15837148
15890723	15864343
15497853	15943495
15462108	16006511
15778630	15698873
15950852	15621602
15892990	15759998
15429141	15917352
15835273	15387754
15609819	15457381
15866811	15442966
15938702	15716393
15476053	15892610
15504198	15844427
15760436	16008825
15886078	15956732
15377218	15510129
15803353	15641398
15921298	15937419
15839315	15440942
15612972	15485284
16007829	15437006
15948445	16021376
15398562	15868423
15850586	15988737
15780847	15891664
15443002	15985694
15600368	15947411
15554526	15454961
15809063	15985064
16024485	15869927
15933240	15991134
15644395	15422499
15878250	15765526
15831377	16004320
15557732	15866856
15490075	15548624
16014887	15403976
15455007	15522139
15753899	15811451
15785394	15559606
15401851	15524410
15996593	15873616
15614827	15563654
15749312	15419700
15875409	15767675
15622103	15954661
15704111	15922147
15805403	15704782
15531150	16026087
15984469	15657021
15482177	15546770
15496266	15493344
15712063	15544301
15981112	15418167
15524788	15840409
15772454	15632418
15640338	15959902
15690308	15463704
15469734	15739835
15673482	15547219
15425012	15993542
15624203	15965881
15805071	15538072
15619584	15979604
15921708	15410092
15713751	15461748
15843871	15537408
15473072	15599339
