15386869	15383670
15431271	15991029
15727124	15487346
15556550	15729185
15578843	15479230
15512014	15587108
15867499	15779901
15964210	15535693
15576382	15788075
15837974	15890610
15702993	15523397
15761167	15430578
15580689	15664849
15486452	15984438
15449528	15499611
15652570	15611315
15753838	15483378
15786273	15992498
15457008	15734658
15461605	15802780
16016666	15878274
15845214	15756708
15448599	15604288
15651559	16018020
15999110	15981160
15544997	15740310
15864014	15543241
15841030	15654825
15602068	15962189
15840301	15983885
15866909	15588724
15891764	15390057
15593080	15448084
15416969	15405454
15722293	15417972
15451211	15974200
15535396	15801678
15852811	15936688
15763422	15999824
15514745	15798634
15831696	15665410
15753225	15675204
15874604	15428803
15529237	15890792
15754961	15524406
15564598	16000064
15379983	15879024
15818688	15859971
15830024	15915547
16000778	15386655
15701257	15919086
15777173	15878760
15607115	15545519
15456842	15648845
15871001	15422084
15584826	15826166
15463758	15504918
15953492	15404938
16003841	15467274
15965959	15507691
15833579	15890387
15967316	15682476
15469905	15877998
15721137	15949214
15483707	15558537
15469893	15822574
15754430	15993360
15644630	15532090
15745889	15944322
15545065	15380800
15815522	15837931
15996786	15901493
15452243	15421308
15632792	15904088
15573451	16001562
15429964	15832305
15830537	15733985
15990907	15412961
15395831	15745911
15828984	15969659
15826507	15452386
15985304	15780433
15704316	15665586
15599912	15532599
15466548	15598018
15976857	15750672
15819658	15854634
15686710	15879988
15886276	15693384
15487470	15716211
15577200	15582655
15856477	15618628
15407707	15623696
15491755	15659065
15650994	15698779
15982383	15638127
15596666	16004351
15408153	15444482
15710800	15866688
15496893	15440870
15982251	15389217
15803883	15384755
15438735	15716363
15381722	15882854
15983672	15399493
15492670	15528430
15922374	15380690
15972764	15540201
15837672	15798663
15731784	16007055
15429436	15934609
15754575	15917596
15657157	15854412
15909252	15808462
15877202	15778730
15556291	15659474
15554678	15925866
15669861	15398729
15720196	15998938
16025057	15803878
15868370	15797584
15499392	15942182
15530352	15845891
15405460	15886144
15775129	15406093
15479847	15808734
15941458	15752016
15921505	15979475
15836693	16013391
15504831	15890291
15696011	15526173
15517576	15676619
15429243	15861411
15694649	15760496
15846947	15917294
15432173	15783790
15964599	15546960
16012990	15453448
15702323	15572137
15440381	15763185
15623873	15492244
15739329	15833187
15700960	15689471
15418459	15689471
15690855	16026853
15964205	15855893
15945338	15389763
16026695	15990221
15827383	15777370
15933572	15419605
15572947	15952136
15727325	15401658
15542454	15479487
15870510	15670785
15472094	15658392
15658798	15692707
15711010	16003009
15434264	15717773
16011004	15827155
15763248	16001154
15580423	15443561
15516384	15634925
15725306	15898699
15841429	15673044
15781987	15921602
15671784	15389049
15715882	15827092
15834569	15723921
15731310	15825326
15638262	15398308
15469800	15726185
15920520	15723407
15712241	15379307
15375809	15379307
15806259	15450734
15467392	15898718
15819553	15761890
15546589	15667942
15909284	15595116
15707871	15931590
15452242	15730439
15773050	15462049
15511347	15467305
16000393	15417056
15957004	15397032
15419676	15585520
15477384	15640142
15913175	16004639
15943604	15404940
15878050	15666338
15967180	15480661
15727807	15461883
16003158	15694998
15436468	15377734
15475730	15867282
15816937	16000515
15994314	16010577
15662970	15935486
15418786	16004704
15444394	15923225
15439672	15701047
15643505	15385269
15828528	15950727
15484674	15749604
15623835	15846861
15628306	15432366
15642636	15790757
15573343	15582177
15508220	15875683
15615278	15895847
15935865	15553742
15433837	15592955
16022607	15787062
15747318	15429238
15619380	15994455
15927753	15606630
15681012	15441617
15964211	15428770
15388729	15819775
15731274	15654779
15584388	15599337
15484986	15571494
15497430	15689803
15931506	15711367
15502799	15424721
15437135	15390478
15731419	15784085
15602961	15693219
15826648	15419394
15387918	15964774
15897277	15425211
15726692	16000159
16025044	16012530
15983905	15827760
15799238	15993548
15506843	15966610
15571695	15520430
15390072	15568903
15904248	15377525
15850506	15662692
15485406	15843555
15653620	15521421
15984622	15680138
15817543	15736265
15823274	15465237
15996355	15958747
15416574	15695797
15432627	15976777
15470013	15557066
15608423	16001775
15717519	15635394
15894225	15626113
15958774	15599895
16014229	15529843
15830264	15471351
16006150	15799392
15893222	15981608
15742904	15769045
15915110	15763436
15953099	15704684
15755961	15461360
16004311	15876399
15904642	15744312
15711160	15578358
15997043	15558991
15709462	15628412
15871947	15661899
15431502	15598003
15711574	15654766
15895257	15810302
15423705	15453309
16016211	15634524
15847383	15694411
15427509	15845182
16003269	15732030
15799268	16005046
15788372	15625956
15985358	15632791
15575348	15684881
16021235	15466910
15596225	15508924
15766291	15707269
15710787	15566568
15461819	15440281
15759033	15468772
15650877	15715539
15465599	15677656
15500323	15511949
16025735	15773167
15758796	15599927
15679073	15897817
15977179	15557052
15470696	15505606
15462083	15476501
15874328	15796381
15378783	15911255
15753155	15790986
15523553	15782278
15878518	15645817
15468766	15497608
15733478	15937545
15635340	15702507
15489765	15939890
15817984	15595079
15693411	15925380
15783153	15512886
15864062	15710208
15580415	15461045
15688748	15797794
15824991	15482623
15619681	15386472
15453740	15445110
15873262	15499849
15418625	15631237
15965902	15909714
15578207	15608681
16014315	15665060
15860689	15975729
15419194	15540896
15788643	15968705
15854113	15469710
15522748	15475084
15659628	15388825
15427232	15580346
15500703	15438842
15877751	15919025
15823513	15740209
15434831	15565044
15879454	15480642
15450919	15847986
15649815	15590293
15768450	15853790
15423415	16012963
15744008	15439993
15855395	15610784
15477320	15606475
15673114	15730470
15959453	15557150
15407720	15799441
15694880	15532560
15685944	15569829
15931630	15461219
15711092	15417298
15803040	15931301
15518871	15479863
15777564	15408588
15685651	15826253
15593305	15639448
15769397	15532172
15447492	15642852
15558506	15797665
15413808	15759821
15923875	15792407
15931855	15935695
15895622	16023969
15417553	15415172
15967815	15414382
15644649	15458278
15908794	15845982
15703911	15755811
15472626	15789657
15389596	15989430
15575185	15495912
15679944	15638219
15715287	15683153
15585131	15880940
15585166	15495231
16017528	15903898
15923158	16019025
15709347	15630634
15505763	15649834
15792843	16010711
15566164	15626667
15771440	15422334
15877738	15833099
15608809	15676956
15458355	15562604
15561397	15971324
15879054	15696552
15963675	15862466
15988721	15410744
15862098	15616275
15997401	15734042
15882037	15541131
15550237	15505941
15382732	15897740
16020996	15709069
15776719	15418937
15517783	15455403
15907078	15954943
15486810	15649500
15531895	15552658
15493076	15805023
15608666	15653725
15869542	15868643
15907498	15608461
15604427	15758770
15852082	15545208
15918974	15930297
15375089	15777426
15669458	16022695
15808841	15521487
16021538	15510490
15691846	15542613
15834851	15560306
15616140	15891205
15568248	15995760
15660869	15644594
15858439	15378887
15453734	15378887
15579806	16013436
15522761	15604719
15970127	15414466
15432911	15913784
15855379	15567610
15526298	15959120
15958703	15425949
15798902	15910228
15913796	15838622
15435795	15921975
15508953	15604074
16025783	15851026
15807309	15642116
15434910	15377171
15598677	15487090
15482510	15450192
15759910	15990579
16002142	15689905
15974578	15435600
16002887	15417329
15696006	15698646
16000441	15862971
15601612	15898648
15544186	15470305
15953007	15490461
16025669	15443125
15917688	15465665
15752897	15465665
15968441	15784486
15480314	15484645
15599668	15878100
15819015	15787239
15608757	15637265
15795654	15579997
15977239	15416390
15581773	15654347
15971440	15574879
15712495	15427943
15734456	15773488
15620877	15779377
15622701	15887387
15954474	15404121
15774276	15634153
15730811	15563362
15642632	16004062
15804660	15936566
15848687	15548361
15777398	15756549
15584736	15480516
15735346	15644170
15500802	16012034
15375015	16012476
15524596	15581463
15685123	15480122
15782583	15870634
15443386	15801677
15958748	15859208
15726187	15406999
15863615	15700792
15881977	15695380
15982294	15726998
15966493	15490351
15803421	15566345
15408487	15561877
15720818	15744448
15524783	15670496
15722161	15421863
15424632	15394310
15920809	15843447
15423899	15778616
15480282	15735135
15969146	15590004
15965560	15431013
15926114	15643992
15914456	15990874
15495163	15809659
15580234	15894948
15726588	15638467
15936718	15695297
15931637	15574167
15814045	15603283
15927371	15677420
15787854	16013639
15440006	15969300
15988820	15656674
15560154	15377983
15495353	15995290
15379552	15751880
15516498	15678292
15740909	15804813
15482606	15844812
15486228	15443220
15842816	15556244
15420671	15525559
15873683	15380874
15581797	15458211
15785907	15377815
15471204	15639464
15982659	15777768
15682034	15424364
15712177	15712643
15925816	15536047
15619728	15534906
15776289	15711601
15964875	15539207
15886873	15604393
15935993	15750918
15550883	15435639
15385243	15420364
15651487	15579538
15708064	15694721
15863935	15515767
15831958	15484601
15505560	15809415
15700650	15904673
15767581	15557905
15544196	15483574
15913035	15694133
16006657	16011074
15793082	15716675
16010564	15678938
15816636	15838258
15518278	15819101
15905084	15755062
15920360	15844292
15854090	15599385
15676449	15427030
15990825	15990523
15642679	16005579
15941248	15641362
15751064	15812587
15878677	15826235
15772209	15594911
15411556	15414023
15794584	15540746
16008881	15832104
15424476	15999618
15943018	15602431
15458317	15841452
16005109	15907862
15953727	15931293
15716542	15848603
15677968	15757185
15429555	15821429
15932491	15893151
15560504	15946755
15865124	15938123
15701067	15783452
15437824	15939554
15819779	15858978
15888499	15618921
15597348	15837598
15987592	15420854
15609071	15511582
15553110	15941633
15778016	15955567
15594727	15697951
15627935	15770819
15704253	15499516
15713512	15959434
15753281	15858926
15657175	15571364
15949373	15564461
15796236	15897404
15416347	15937575
15387575	15788071
15470028	15765686
15454410	15563938
15595165	15792085
15392056	15906162
15473511	15749026
15933090	15600233
15680524	15537841
15806307	15582306
15682863	16018267
15560793	15582617
15857235	15507255
15602528	15761682
15979373	15562669
15429533	15958193
15901929	15930347
15528928	15582449
15834992	15857539
15481449	15821459
15530569	15983212
15912264	15963565
15665173	15781156
15996655	15893479
15634767	15856510
15472810	15422778
15457014	15853670
15654084	15812659
15709760	15501068
15857530	15746468
15571444	15638819
15614962	15863157
15447475	15957775
15507169	16020490
15828803	16026808
15807679	15907436
15482867	15584500
15580981	15469021
15604391	15822993
15431022	15601430
15431148	15824472
15773414	15950586
15730558	15635381
15824090	15988980
15653257	15657432
15891594	15581950
15669300	15589383
15400307	15563768
15412881	15604725
15495890	15752827
15398024	15494491
15528247	15750470
15705388	15533344
15887169	15471382
15990666	16012874
15383080	15834377
15814904	16000026
15555670	16016285
15580886	15778713
15506206	15782443
15855981	15960783
15893253	15692522
15704711	15539210
16020591	15794700
15555505	15750282
15526842	15654784
15442390	15494306
15422075	15899165
15875673	16006651
15914586	15898740
15861909	15516224
15481272	15736045
15822104	15736603
15977653	16008548
15429105	15403280
15423589	15942505
15680166	15647877
15865836	15603044
15535924	15508671
15855640	15639712
15838871	15635996
16009048	16017032
15440517	15632482
15452342	15920200
15467579	15411716
15888955	15697481
15524462	15898324
15667489	15407982
15960443	15671711
15549591	15606780
15760659	15652967
15508014	15482774
15867705	15490936
15826901	16017989
15877986	15614975
15423507	15539877
15940638	15539877
15867863	15549668
15456696	15971085
15466293	15738771
15743533	15718719
15467510	15691218
15578369	15485847
15982176	15835480
16016132	15471600
15786239	15629513
15800579	15754750
15601843	15448758
15476437	16020921
15425171	15534693
15601243	15866093
15516571	15637850
15405517	16022570
15540451	15957094
15921912	15451370
15960244	15961901
15692251	15573793
15838500	15457219
15678222	15470246
15563355	15659053
15681064	15966007
15500554	15629108
15446829	15928412
15998506	15809986
15536905	15904897
15914879	15983756
15549249	15438567
15458433	15563857
15617848	15941408
15608401	15654042
15578664	15998785
15450463	15503691
15586253	16002612
15758891	15534861
15783049	15416195
15443719	15586492
15516739	15816758
15419556	15643593
15676739	15874579
15694004	15898969
15555105	15472835
15753568	15492796
15913646	15713945
15573631	15647412
15622856	15383902
15648914	15438375
15937747	15773374
15415839	15408514
15700168	15380407
15404821	15556320
15744037	15811016
15892681	15843438
15631423	15602611
15502400	15994241
15951065	15938324
15806635	15679841
15594226	15596436
15929620	15819232
15501334	15822471
15557299	15613137
16025256	15476392
15831851	15640030
15714748	15917081
16007344	15647253
15683242	15409016
15440433	15475312
15720330	15720766
15990517	15725524
15615301	15785305
15604077	15626725
15912416	15576904
15969885	15876367
15878953	15402252
15549094	15683874
15896506	15480716
15377396	15837508
15807001	15912509
15945125	15939159
15715045	15880387
15411975	15632978
15546939	15564092
15919665	15897734
15931970	15972347
15993258	15798296
15377099	15735442
15462022	15882186
15381961	15953650
15672735	15677812
15941735	15403959
15942314	15523082
15810759	15881147
15924950	15980835
15543345	15530944
15807332	15977760
15883427	16028118
15707349	15871276
15913507	15414235
15855376	15921579
15482163	15568857
15744922	15713911
15777154	15825831
15549446	15709565
15593794	15661884
15552450	15740047
15792015	16017819
15722235	15406030
15911838	15453214
15466354	15484776
16007101	15913295
15729150	15925287
15771424	15946788
15514384	15506699
15933242	15470045
15677485	15436954
15758923	15704880
15388705	15563218
15840417	15981284
15406589	15639462
15480723	15522805
15521696	15606658
15963726	15481600
15676118	15647655
16013320	15646875
15639766	15710979
15898492	15514503
15874428	15737951
15771982	16008295
15629836	15482276
15418499	15587493
15875676	15970366
15573372	15725034
15435881	15878880
15967995	15544170
15996172	15830412
15459716	15621592
15438018	15517194
15714967	15997773
15476093	15646131
15470915	15901937
15858080	15942379
15662254	15911953
15996270	15854621
15997155	15534038
15870023	16012276
15848090	15743221
15861100	15983093
15479260	15864284
15508149	15610661
15900899	15802236
15460073	15546042
16012828	15659785
15398474	15668054
15529819	15957742
15872428	15526752
15376235	15771962
15990946	15594128
15823585	15748305
15483833	15934589
15438015	15446503
15895047	15911030
15601274	15736372
15862104	15765488
15742428	15759368
15986923	15469854
15443663	15819391
15487658	15394708
15428844	15395907
15713410	15538239
15641518	16020039
15785812	15641942
15558122	15587425
15963853	15701674
15483267	15456590
15464601	15881385
15696891	15949786
15765417	15806453
15537554	15428042
15618742	15550377
15501212	15550377
15543797	15898171
15506565	15757468
15885210	15576893
15658330	15531656
15387548	15531656
15381427	15693998
15776147	16019534
15769852	15417761
15830191	15818471
15858085	15521765
15531472	15484830
15696017	15633377
15966481	15463911
15704949	15864597
15611712	15660557
15692513	15861321
15449010	15522495
15736383	15442494
15662421	15893593
15419712	15649841
15674352	15550660
15793579	15885704
15520647	15792425
15870838	15545321
15991539	15582413
15897119	15582353
15446766	15459156
15669847	15630830
15691687	15493871
15992401	15902353
15992089	15955484
15827271	15508793
16027731	15460702
15692539	15559994
15780451	15592676
15891535	15444111
15473505	15935470
15915073	15664433
15466789	15390986
15945640	15489977
15422637	15490414
15536230	15615991
15618953	15614077
15543824	15581924
15830879	15736516
15408735	15442905
15941917	15424987
15379621	15374951
15611542	15431169
15434319	15602785
15820574	15448696
15854565	15849320
15471661	15384624
15687784	15619993
15415634	15494377
15960096	15375828
15754421	15565922
15410992	16005765
16017787	15616459
15953605	15755279
15415567	15922277
15893309	15524838
15627575	15718146
15714824	15401691
15662368	15851157
15826905	15851199
15787764	15931232
15682210	15835418
15864227	15740055
15811331	15524152
15642877	15841934
15836191	15882297
15926150	15454685
15850818	15949485
15381666	15526427
15695900	15512090
15841373	15966175
15762439	15807222
15812109	15468364
15922401	15615056
15884622	15696925
15837227	15735251
15578154	15921352
15452670	15719240
15447991	15971120
15452853	15804202
16018502	15379408
15552817	15995147
16005306	15500181
15635753	15865084
15931101	15552908
15965169	15606654
15592773	15523768
15714868	15670915
16022323	15779273
15707590	15674186
15996991	16008273
15847263	15695449
15460540	15633681
15634268	15998152
15753603	15538601
15453088	15544271
16002709	15390016
15780081	16009943
15951288	15530364
15520557	15870871
15738211	15896998
15499591	15554099
15497199	15817079
15700575	15584796
15905159	15803734
15920732	15963797
15845860	15994221
15402640	15590251
15855024	15780512
15436363	15704107
15838912	15767634
15851811	15885582
15984600	16011368
15809121	15984650
15508280	15542034
15948460	15392825
15487525	15603757
15517198	15659383
15693194	15850576
15848471	15561424
15553161	15418416
15603229	15489407
15879155	15426335
15763774	15784641
15890876	15573978
15376008	15607210
15708388	15712274
15563501	15826211
15609310	15767195
15425185	15684535
15652643	15394044
15855934	15624164
15403151	15475207
15699874	15421104
15593430	15569303
15408383	15488891
15930855	15406744
15745782	15547703
15578483	15767219
15443766	16006836
15970181	15573701
15922869	15684035
15466963	15693373
15928271	15635018
15789118	15621309
15451261	15701862
16004221	15733205
15899842	15672330
15586057	15544835
15899735	15902819
15568552	15630758
15909248	15639282
15408747	15483278
15867552	15548470
15822603	15785062
15592839	15659823
15632541	15520628
15487596	15945860
15636220	15588059
15798354	15761077
15486375	15516773
15950057	15619567
15582542	15495830
15641035	15471533
15544352	15797723
15559814	15379584
15847521	15714012
15538469	15642486
15494647	15704622
16005419	15513258
15976527	15430204
15952495	15931964
15470607	15633360
15635293	16023735
15716907	15401965
15922527	15477018
16002282	15903755
15476577	16014572
15384743	15656001
15723363	15868969
15783931	15663546
15808127	15783779
15921286	15910813
15457437	15395020
15765240	15921987
15782179	15428576
16023532	15816960
15717474	15601836
15498303	15718343
15830222	15511843
15954828	15998351
15526065	15975043
16019678	15580665
16012904	15552563
16016910	15992849
15512674	15489160
16019512	15916139
15535886	15493785
15411079	15544982
15586871	15777884
15810737	15913649
16027255	15661699
15417764	15668084
15375172	15663482
15995998	15718285
16007070	16012632
15951705	15456908
15667670	15918197
15980031	15854993
15753308	15733540
15804098	15903486
15802691	15395604
15479020	15799316
15735845	15920235
15571181	15906075
15478874	15594688
15379871	15749212
15440375	15614648
15800582	15614648
15867058	15554044
15848350	15696204
15863073	15596013
15858121	15972072
15841260	15673370
15728973	15604759
15626305	15383302
15498238	15998688
15570124	15493555
15665916	15863812
15658128	15831290
15483721	15761746
15543634	15730565
15783133	15745546
15724415	15955476
15631477	15533549
15877284	15492802
16025394	15518102
15741513	15610993
15452183	15577197
15564240	15655871
15500263	15614017
15699841	15524194
15724027	15729476
15565545	15711978
15894153	15599565
15527765	15398250
15928335	15910809
15435126	15596577
15466279	15708973
15908612	15827393
15513956	15566861
15492030	15653830
15844575	15777553
15721061	15402011
15795924	15562746
15670742	15452589
15992530	15931769
15802640	15671062
15989238	15403227
15375032	15839855
15565416	15657767
15641082	15918710
15552236	15382432
15476450	15642916
15628860	15476485
15890259	15422029
15719727	15573840
15984172	15397633
15459188	15388503
15722515	15576407
15623017	15486845
15466337	15902653
15540589	15870934
15714977	15479104
15595220	15700708
15951232	15389010
15787340	15439958
15948616	15754980
15758066	15596687
15497989	15385699
15459319	15788693
15691907	15534092
15417384	15628203
15478887	15876409
15591415	15606939
15792477	15500711
15758919	15954669
15625237	15469001
15505245	15897316
15680920	15713386
15753159	15512320
16012153	15503723
15879801	15405790
15612656	15580984
15685377	15987598
15777551	15540025
15494125	15804919
15475511	15781017
15545445	15945373
15816783	16017535
15448550	15681784
16018059	15646601
15397726	15693075
15595472	15782383
15798991	15775045
15580038	15481767
15558591	15651799
15561030	15505952
15906483	15844472
15391549	15754953
15913273	15561347
15767287	15703162
15490735	15946939
15864771	15602896
15547674	15578690
15403574	15885568
15736942	15613321
15517102	15846827
15454428	15969811
15542852	15918008
15404049	15506577
15871908	15923802
15762542	15824382
15699832	15456733
15671338	15638347
15489046	15899228
15950594	15888471
15454140	15769070
15671992	15651454
15518873	15484959
15571756	15622321
15947796	15580664
15395532	15471567
15704619	15944476
15685917	15898133
15646446	15438061
15842607	15655944
15885537	15592828
15847924	15804166
15513015	15691026
15542804	15674785
15790263	15638268
15676297	15838807
15844784	15930807
16012326	15597841
15838044	15479528
15377560	15498935
15722917	15766935
16023480	15485496
15620285	15469383
15396118	15961751
15701057	15855017
15551061	15475101
15582749	15504763
15462493	15959322
15505360	15866548
15885499	15832781
15941301	15513824
16009710	15724291
15590617	15731469
15819497	15715395
15377461	15946196
15885219	15622601
15477498	15572121
15378776	15896932
15788523	15421336
15782957	15374852
15979050	15686593
15700598	15967481
15510291	15674860
16021202	15697308
15817405	15666228
15453831	15467221
15413182	15661839
15897968	15734620
16024680	15742315
15589349	15890654
15410332	15911194
15400216	15707717
15505103	15894014
15587498	15626761
15689537	15949699
15886035	15441659
15993187	15689935
15820259	15468949
15771346	15484840
15473764	15799477
15574628	15925840
15640752	15561981
15784028	15807137
15912407	15552410
15805691	15971930
15757246	16001131
15654735	15410375
15618321	15630572
15935640	15527659
15397518	15995246
15875591	15483762
15698019	15678650
15643198	15557864
15478049	15724697
15695271	15947978
15999343	15429441
15413995	15565577
15776250	15526907
15411392	15782924
15529195	15780904
15503755	15881475
15956109	15964559
15509006	15669153
15674430	15886518
15767189	15911529
15646932	15917430
15402866	15867086
15733780	15861379
15848072	15892691
15889951	15820377
16026908	15710763
15393616	15817311
15387652	15931394
15597561	15866456
15601594	15380808
15678212	15521746
15966035	15841952
15590759	15665633
15507132	15754405
15522804	15895661
15987690	15979510
15656203	15684019
15716841	15920622
15966901	15920622
15991162	15902987
15914751	15423406
15974128	15484246
15832082	15392158
15424149	15913679
15837232	15677208
15527892	15700982
15920624	15798859
15620023	15758847
15881103	15712647
15388132	15673649
15479312	15413478
15824452	15724244
15959695	15633878
15690874	15588123
15734947	15817207
15719616	15505024
15431556	16010332
15857199	15666355
15599086	15761778
15846482	15998268
15431917	15417327
15915686	15674572
15451220	15478312
15424116	15589433
15754670	15669679
15699275	15709941
15563560	15712422
15427036	15943680
15729841	15795545
16003780	15926208
15590304	15963747
15503151	15513243
15405597	15692846
15988359	15416199
15666102	15407480
15380488	15536659
15396705	16009388
15724150	15511463
15483746	15961372
15667248	15779404
15538246	15865643
16003463	15956642
15394182	15612810
15546820	15950707
15823012	15660356
15547852	15814761
15650618	15629870
15875007	15975544
15376736	15861633
15708319	15393047
15887489	15520752
15468117	15559547
15956801	15930972
15640577	15537672
15451001	15431824
15469256	15771767
15938084	16022779
15974063	15837836
15449001	16000256
15818543	15530727
15454872	15933343
15393267	15886115
15920392	15842917
15474556	15546620
15636925	15767221
15380554	15655764
15776025	15679346
15759747	15630227
16002779	15885931
15694914	15570495
15588681	15950234
15870585	16018773
15807158	15576129
15662450	15555341
15962673	15569921
15636689	15611762
15385556	15981275
16026286	15684626
15534021	15947829
15874125	15888517
15532509	15464310
15518962	15720133
15946289	15592285
15725180	15670016
15503748	15978321
15620865	15648932
15446789	15938342
15558875	15975834
15778511	15566772
15518020	15664889
15416712	15531637
15482162	15642476
15401078	15887285
15775992	15715334
15999081	15581855
16024634	15542499
15726512	15681276
15860760	15954500
15925735	15515347
15595903	15807353
15448952	16010638
15968937	15664603
15715950	15656024
15801957	15887978
15664008	15538293
15670480	15521327
15978377	15753931
15601481	15897088
15995966	15417551
15853797	15654170
15657685	15543674
15839713	15481947
15724505	15561867
15704462	15910634
15524477	15942324
15418332	15760607
15765051	15515432
15492549	15708119
15823574	15818808
15702357	15380510
15988469	15899458
15864210	15446560
15602266	15582562
15526507	15898951
15678839	15734609
15496720	15376447
15710710	15922936
15833408	15624784
15622240	15916159
15416485	15807425
15716426	15504358
15666827	15776470
15650106	15998521
15501378	15731441
15519056	15871926
15822870	15627752
15951388	15736316
15924572	16025989
15732105	15804459
15623440	15394658
15695572	15701256
15377675	15831082
15724522	15768888
15510021	15496216
15675716	15558281
15864173	15736284
15473785	15397832
15439354	15608069
15898743	15419419
15973120	15706119
15425721	15817569
15801870	15942008
15766255	15975478
15662977	15540518
15758525	15516462
15647975	15392357
15586675	15737359
15620710	15711173
15936066	15874373
15645716	15927587
15910595	15962186
15448114	15878057
15980751	15999696
15513731	15798571
15866026	15709269
15812166	15876061
15770134	15846036
15774673	15568160
15982584	15567746
15743370	15539413
15807568	15390871
15431617	15835848
15963317	15437812
15751652	15542101
15996058	15785115
15539878	15987848
15780566	15659342
15840963	15568210
15519885	15607192
15608588	15675054
15940018	15874063
15546919	15698938
15532611	15927225
15974231	15795309
15993201	15586495
15398673	15929796
16014886	15386075
15917508	15528272
15447510	15960173
15645215	15400381
15757480	15785965
15984338	15392101
15381249	15959011
15536443	16016525
16022579	15768665
15846707	15509339
15473865	15580995
15500352	15961384
15512213	15816825
15759962	15822351
16008802	15503399
15703917	15803642
15917073	16007513
15643190	15864544
15880199	15544219
15544382	15912046
15812042	15507023
15648992	15942075
15803838	15486035
15477177	15952409
15594098	15499267
15521936	15517032
15702388	15784798
15496667	15704232
16025481	15884846
15769432	15451256
15447116	15922116
15530249	15519370
15824753	15837747
15800066	15674704
15578556	15377520
15866253	15959251
15816730	16009523
15585422	15703041
15588251	15460045
15477843	15418022
15990750	15854364
15491621	15757181
15954455	15715805
15848489	15517389
15920718	15628405
15542045	15454448
15560284	15554506
15919932	15398158
15516029	15543488
15744124	15962181
15928407	15376031
15814778	15894218
15665732	15521578
15454110	15537363
15887481	15470494
15456578	15677213
15430396	15494879
15662021	15994389
15950097	15524913
15593020	15485422
15882373	15926264
15853360	15743081
15477486	15620881
15830185	15403572
15668377	15443863
15633486	15654750
15772692	15788298
15693694	15793550
15952256	15538381
15642922	15375302
15751981	15601219
15705139	15980671
15808019	15892214
15463749	15492014
15383624	15389575
15983371	15520848
15747337	15378392
15786924	15673157
15804341	15405594
15718928	15944436
15496647	15818155
15723624	15510840
15516325	15911240
15906794	15736087
15747111	15782816
15771743	15558930
15807916	15953077
15958121	15751918
15968357	15965373
16007167	15993311
15562814	15655506
15467638	15747871
15899877	15809127
15940941	15739990
16004270	15543531
15873405	15557994
16005815	16013312
15920884	15503287
15470378	15541143
15534033	15752840
15552321	15557023
16011716	15738840
15374896	15376101
15829843	15529421
15435481	15477535
15680046	16012057
15858256	16003840
15402143	15791095
15675351	15633624
15737798	15709526
15401038	15919936
15513751	15907110
15703071	15871672
15658283	15683213
15730820	15629540
15635722	15715347
15627306	15557498
15542885	15838707
15694048	15771214
15443087	15691627
15426961	15562419
15657780	15681677
15664830	15873365
15505611	15751219
15699802	15458490
15583505	15735770
15947802	15383814
15400584	15966821
15733908	15876075
15901238	15752770
15523027	15756903
15744492	15726030
15950228	15390414
15921325	15802664
15541145	15787378
15572333	15993530
15654701	15717048
15732992	15532359
15682277	15773201
16004369	15626649
15497879	16001965
15528753	15699848
15881353	15573224
15451076	15780279
15780363	15683541
15520761	15612948
15519354	15579553
15960010	15651095
15873933	15535829
15711399	15840128
15583212	15656292
15383803	15638039
15492072	15742097
15740239	15627733
15509687	15944562
15381943	16002090
15615331	15684669
15859266	15581777
16007537	15563403
15986852	15591656
15661591	15626227
15605641	15390759
15476814	15757584
15965467	15561159
15841281	15578965
15581118	15894371
15492943	15924652
15946267	15568457
15801206	15841938
15672691	15800083
15452414	15447057
15862996	15768492
15976496	15437364
15798974	15960180
15712074	15479385
15528806	15841130
15720905	15641434
15390852	15959689
15957065	15819929
15899041	15375208
15604494	15741792
15633498	15921962
15990535	15958027
15928285	15493128
15632241	16026058
15980863	15823931
15419793	16027373
15572922	15377929
15912429	15524828
15864949	15833333
16011942	15530870
15762384	15637112
15616983	15757212
15927079	15666946
15842192	15581158
15672199	15779208
15868052	15964895
15925850	15984002
15689410	15533780
15763370	15506036
15895060	15956443
15881412	15509996
15809018	15584405
15406006	15422421
15986958	16014719
15884705	15612498
15845347	15876601
15888723	15754756
15708966	15942605
15792865	15963394
15454727	15498633
15957893	15498228
15884117	15562049
15779935	15700916
15396145	15903461
15996096	15884095
15683714	15400711
15991653	15407100
15870780	15375187
15514704	15950059
15793384	15872647
15834679	15976521
15530378	15890174
15734640	15422026
15815532	15519031
15549227	15601024
15886225	15495886
15894481	15906957
15558049	15404534
15699641	15712438
15498786	15737329
15560420	15955600
15379612	15803869
15509760	15663608
15434115	15527249
16012046	16005359
15574056	15999103
15894294	15874388
16016587	15912297
15376141	15730363
15415391	15609999
15420169	15847007
15984774	15960095
15441417	15945032
15972254	15930474
15583922	15912022
15428714	15771801
15550119	15829328
15541607	15507581
15877025	15446192
15733175	15555865
15454752	15914667
15814746	15923953
15661950	15900866
15506592	15603094
15865212	15960716
15879877	15577597
15763405	16021412
15567155	15640540
15738448	15970459
15989794	15979625
15859621	15540388
15897825	15449335
15815916	15824113
15681033	15750668
15815997	15941663
15590425	15376506
15773031	15656185
15514849	15707976
15587979	15377068
15764423	15834595
15860063	15970266
15431743	15758286
15662804	16026307
15940199	15463612
15466914	15649514
15929405	15676058
15862079	15842953
15422861	15574807
15465023	15765258
15576584	15711514
15601307	15859681
15655124	15960709
15518039	15385336
15759199	15417130
15727902	15540623
15714782	15540623
15874619	15843549
15724079	15970190
15905824	15951736
15656509	15633128
15459647	15922158
15955073	15376291
15469586	15663654
15907826	15813584
15821454	15467973
15408264	15788407
15570685	15751824
15525155	15952862
15783402	15769653
15725519	15844119
15455276	15895714
15469827	15383811
15913515	15743031
15940659	15778677
15786227	15666872
15406953	15977674
15557622	16017609
15748045	15577747
15503617	15679559
15671364	15870047
15522840	15822337
16013907	15652488
15991993	15925859
15676934	15439252
15523993	15826146
15480858	15436826
15812318	16012755
15906670	15399260
15951395	15992717
15913314	15835695
15583531	15777643
15428229	15871478
15840513	15744872
15674597	15524724
15901185	16008388
16007502	15849914
15442332	15522401
15591877	15413989
15671021	15663687
15518457	15791273
15855520	15995823
15957801	15457764
15776872	15405112
15575566	15709883
15681268	15479813
15982099	15834226
15894011	15834226
15898460	15776541
15514827	15706534
15555902	15580002
16002980	15919639
15426628	15791661
15434578	15948810
15851392	15487902
15810024	15683517
15401422	16002602
15815562	15495156
15906260	15469201
15872695	15632261
15875532	15457618
15396165	15602981
15794649	15504871
15846798	15442738
15518445	15410142
15388166	15723055
15546423	15702806
15519318	15689376
15411789	15941331
15485769	15628447
15436348	15732627
15382613	15702384
16003496	15690565
15809949	16015991
15852832	15616957
16003371	15665719
15426829	15999232
15468863	15518047
15448052	15999166
16001607	15971790
15461560	15867772
15963371	15681433
15721649	15458494
15985895	15785351
15847078	15672723
15612193	15625953
15443215	15705372
15717579	15758800
15896979	15769700
15903795	15860455
15429853	15767299
15771086	15403216
16025992	15628027
15905877	15404641
15776681	15666504
15531620	15448218
15610351	15910522
16020320	15708994
15564002	15612448
15660009	15930358
15614799	15578837
15733037	15848568
15750452	15413598
15998692	15817864
15965164	15403351
15957656	15862272
15935148	15703608
15622188	15606815
15489220	15711198
15496480	15394401
15678383	15671233
15875912	15730106
15589120	15693152
15389347	15859642
15879744	15863198
15412645	15708418
15633739	15428871
15535801	15397428
15849651	15515847
15944918	15878859
15898831	15925060
15583032	15965699
15789888	15407425
16014444	15765405
15571118	15993699
15453509	16011670
15778596	15907714
15461737	15444729
15847350	15939406
15694962	15631869
15397256	15610566
15511981	15408677
15948792	15659346
15446390	15931775
15840118	15905303
15739120	15411655
16022831	15692166
15866058	15748874
15928517	15899133
15936364	15747094
15888970	15385324
15539074	15647359
15617671	15834090
15496451	15931056
16000649	15580516
15646550	15565203
15390728	15852595
15943705	15733740
16002045	15669731
15605274	15475304
15808920	15690237
15991201	15472702
15524350	15822455
15583729	15912552
15833262	15479734
15649413	15821963
15932088	15723010
15742362	15907981
15663160	15600183
15479609	15579059
15761143	15692115
15654030	15839450
15640883	15809401
15524261	15458646
15406128	15607895
15553432	15827217
15844835	15890173
15532304	16013902
15460016	15942984
15936725	15872348
15618610	15878387
15823464	15985070
15391412	15505265
15917450	15551984
15408479	15515823
15894809	15402046
15919448	15392574
15613298	15890942
15723247	15555288
15434487	15381139
15868158	15659447
15595537	15459566
15909787	15656293
15412598	15497467
15384795	15852257
15402556	15695558
15703650	15799322
15762996	15691363
15725692	15680704
15986697	15759266
15763920	15381802
15694223	15973358
16003599	15960702
15449199	15583475
15810243	15508710
15884061	15646685
15550023	15732001
15514010	15608234
15721014	15483400
15845426	15955246
15539419	15790927
15450470	15975057
15430802	15836662
15433631	15774109
15840907	15830962
15490123	15640137
15525544	16018967
15780844	15447134
15600862	15460772
15587669	15964431
15985060	15462867
15786105	15528884
15706660	15977523
15883855	15645032
15867120	15799921
15486764	15769709
15673478	15508013
15755472	15835445
15470053	15667294
15675582	15681310
15480750	15724121
15993080	15783624
15750999	15674001
15749042	15538506
15557768	15791258
15999224	15699877
15903880	15962860
15695318	15472606
15960922	15983660
15947448	15809859
15808231	15948748
15761742	15964279
15408963	15855919
15586465	15722616
15921347	15662526
15519921	15403039
15522246	15987336
15537402	15673274
15499513	15647175
15599356	15541436
15724214	15578561
15663262	15743349
15818909	16012238
15686443	15544755
15525043	15404315
15582991	15628897
15414729	15786464
15804619	15623588
15776952	15895012
15703003	15859255
15400630	15891641
15389461	15721209
15593695	15923148
16001261	15654544
15692054	15625293
15663325	15486841
15791003	15457048
15750652	15814149
15514001	15810871
15783039	15798889
15504271	15633010
15662285	15499447
15800079	15640372
15656242	15718816
15440764	15659218
15801103	15995558
15756071	15966795
15855072	15953115
15824990	15909964
15521905	15977777
15840657	15868967
15901745	15978787
15858409	15525994
15598523	15975381
15397908	15955228
16019782	15461631
15474554	15906647
15645496	15908877
15660445	16017234
15939929	15890455
16011693	15806556
15615846	15655813
15552102	15440678
15693634	16001058
15376930	15698845
15681857	15955480
15823870	15570027
15424047	15618107
15385119	16027920
15850533	15905205
15426677	15437397
15907949	15556905
15545100	15902425
15661007	15432382
15841674	15432382
15510085	15532243
15569630	15656408
15898004	15455879
15854934	15855404
15740894	15422512
15566356	15961889
15548478	15889100
15878311	15751025
15968424	15620796
15501519	15577864
16002754	15775256
15930169	15947578
15504143	15797186
15400861	15469090
15722158	15404309
15867982	15538628
15652582	15403424
15924372	15401275
15973478	15861842
15962922	15781188
15569352	15521850
15434445	15989052
16003356	15971666
15815965	15549755
15582998	15762213
15865190	15922162
15851243	15711499
15615831	15950721
15620712	15727044
15382930	15655058
15484755	15476370
15980110	15411524
15933655	15383866
15904808	15820504
15663500	15411552
15955191	15759838
15614404	16025739
15993942	15690991
15418464	15943096
15411661	15816689
15434186	15918153
15979350	15633290
15985789	15831120
15695221	15978551
15813129	15680084
15837498	15999862
15746561	15649751
16025864	15433809
15696586	15501046
15956167	15563072
15940082	15535592
15666886	15686920
15727737	15997075
15737824	15809759
15643434	15972751
15766452	15966816
15587527	15616628
15986028	15663346
16010282	15857376
15510610	15727748
15403354	15742854
15836847	15876861
15594245	15619208
15663085	15602775
15444836	15442679
15752957	15956038
15485969	15833370
15956026	15971649
15845063	15912631
15811516	15414367
15832414	16013339
15529894	15472306
15823728	15781092
15462942	15491307
15506279	15414391
15849479	15969351
15821430	15631583
15981511	15848128
15472889	15954044
15752627	15616775
15908338	15751932
15571134	15912437
15447149	15693215
15752711	15669004
15751252	15823061
15914617	15613626
15904415	15965174
15542129	15590698
15895987	15991693
15694210	15955704
15480874	15547083
15377566	15984056
15751083	15804155
15775572	15420366
15708146	15418986
15657475	15803278
15486600	15690930
15637802	15835030
15903481	15482578
15793693	15427922
15883921	15817847
15686252	15775595
15616642	15991114
15490973	15383857
15396822	15624106
15837947	15500200
15525178	15502544
15931626	15429813
15505708	15676031
15972702	15732898
15501546	15541179
15594029	15982450
15779170	15499347
15812114	15959876
15654892	15844691
15740551	15621640
15779439	15480093
15920061	15670681
15845981	15402394
15541425	15885032
15567078	15691672
15936914	15876440
15620552	15524966
15944541	15503052
15576734	15677878
15687439	15397125
15700748	15930629
15678068	15765069
15528686	15871074
15997591	15664351
15935754	15608256
15928095	15638099
15744279	15994700
16004024	15989023
15412013	15672076
15439307	15809836
15932787	15930073
15664958	15401982
15502599	15909337
15663194	15937256
15954593	15435408
15430618	15808498
15385198	15994213
15503575	15994213
15690267	15459711
15874555	15839400
15717574	15466418
15701340	15466638
15918128	15857713
15452168	15893033
15502223	15831407
15821931	15843485
15699291	15721366
15532444	15713472
15469578	15853998
15786693	15437528
15455736	15656895
15436094	15987767
15727902	15714782
15491376	15817249
15835021	15740500
15647038	15605300
15703463	15916594
15826996	15739119
15926436	15510527
15793872	15696524
15590825	15703012
15978911	15998899
15674994	15723484
15381638	15466228
15618140	15741251
15751758	15544924
15506886	15473496
15706658	15613715
15943710	15801482
15966542	15620814
15623948	15562379
15632516	15925549
15468995	15474105
15567725	15918112
15868926	15515136
15766891	15672904
15685630	15644228
15803538	15925480
15722781	15999902
15528560	15907226
15633639	15536250
15790750	15516389
15383703	15705127
15971533	16001057
15771993	15623056
15468241	15980694
15732881	15542725
15524642	15784461
15586423	15608563
15565888	15384540
15740850	15575607
15708554	15769357
15711555	15917190
15548734	15411488
15616281	15407641
15887547	15570387
15852261	15416964
15975297	15961673
15842348	15912912
15980302	15519879
15771793	15802253
15741727	15405535
15479683	16026608
15760272	15700790
15571993	15608305
15887743	15979884
15892429	15546615
15728819	15902717
15650687	15713294
15668548	15654610
15532277	15414932
15927329	15378339
15891070	15614543
15550805	15428487
15571893	15961380
15603106	15515720
15639403	15832057
15823287	15648821
15955835	16004519
15761038	15987049
15399237	15567123
15519735	15979567
15593638	15846416
15550055	15788133
15626165	15444020
15464567	15912186
15818024	15780711
15482183	15607429
15748974	15777588
16005661	15941001
15665144	15973798
15681165	15835196
15759339	15403514
15913150	15775825
15411598	15665126
15814055	15864120
15582764	15963005
15647257	15556029
15570099	15933991
15587781	15754839
15692153	15468600
15486352	15461901
15886039	15812700
15464044	15726434
15483458	15608542
15925698	15719806
15406716	15983711
15442758	15710944
15916089	15927393
15826767	15727132
15599679	15434809
15522046	15543178
15912390	15755021
15692619	15398554
15791507	15782849
15905265	15874299
15814948	15557160
15917688	15752897
15388701	15826469
15803879	15849276
15517746	15846883
15823123	15986505
15450430	15781922
15540912	16027016
15759986	15411439
15760553	15958161
15863284	15384658
15804564	15656774
15488419	15507802
15670705	15764441
15948683	15984659
15414791	15442093
15683179	15433987
15787679	15805184
15403001	15851403
15460490	15953191
15891684	15510400
15645265	15740792
15461287	15932106
15672620	15906982
15853294	15714942
15524430	15511435
15430658	15603469
15821789	15630927
15572248	15685048
15413293	15839742
15546513	15741718
15965058	15887803
15556474	16012767
15695600	15670463
15805249	15913632
15518004	15932203
15913386	15585359
15674545	15585359
15631434	15822848
15548146	15855688
15532107	15578917
15910256	15673589
15406054	15503129
15675837	16001398
15530874	15623455
15588330	15425306
15836119	15926748
15839909	15887470
15525301	15772925
15540343	15997653
15868551	15696715
15511785	15695471
15788499	15462392
15456830	15912608
16009020	15532881
15566935	15848985
15618186	15704210
15799915	15445687
16021630	16008061
15960414	15576820
15663857	15562318
15894252	15927052
15865438	15487082
15379338	15798807
15541303	15422039
15695643	15928416
15384782	15585211
15705942	15491157
15836206	15767289
15591062	15900758
15950351	15926489
15758187	15669576
15558311	15619278
15876192	15954290
15690241	15998859
15581001	15471862
15460392	15743448
15718420	15415507
15757369	15612690
15858772	15602677
15424504	15541335
15892722	15783751
15460975	15391776
15694245	15391495
15915488	15557336
15683600	15575257
15900646	15757258
15969281	15579187
15916659	15674976
15934448	15624422
15686054	15403057
15804666	15588886
15731100	15520027
15526743	15661996
15854137	15801741
15889319	15528956
15969015	15417187
15949706	15770398
15769145	15538201
15916384	15783684
15948949	15463990
15817639	15786266
16014504	15765293
15611649	15729976
15981529	15481680
16021540	15559683
15539020	15601976
15994009	15662757
15393463	15455230
15444308	15851451
15870077	15826425
15672318	15582427
15828999	15653009
15816926	15794376
15760741	15382392
15786433	15753335
15501650	15897711
15764342	15392997
15523612	16011770
15560138	16002617
15430178	15413130
15776742	15375050
15900748	15655984
15475532	16025984
15834361	15920630
16005103	15488116
15454415	15917428
15709812	15560494
15919143	15580767
15746079	15537569
15554986	16012324
15410163	15686562
15532939	15876880
15964998	15444328
16005236	15718984
15422769	15722075
15664916	16026464
15704569	15471538
15513497	15616038
15685819	16001066
15430370	15646025
15841770	15634292
15827241	15382065
15463227	15990215
15794519	15860935
15482000	15936611
15988989	15579804
15624553	16021341
16006633	15896795
15722034	15512392
15439408	15848494
15484941	15603935
15377491	15983327
15492597	15505247
15696660	15799730
15959191	15464352
15443642	15649824
15803651	15741340
15716819	15981392
15920024	15385855
15480179	15737135
15637791	15970707
15975190	15376461
15886007	15890395
15879813	15727666
15677057	15473297
15527358	15557262
15972887	15931636
15524678	16022698
15426608	15623895
15451525	15610974
15897507	15761981
15506509	15672513
15667342	15762779
15987880	15883398
15852788	15786984
15960017	15565015
15589824	15822197
15462002	15678233
15991446	15965038
15791024	15391142
15540721	15520181
15830275	15497940
15940847	15940361
15790266	15936509
15658620	15661613
15648004	15912060
15752653	15914308
16025357	15974832
15641629	15749768
15588389	15979874
15792782	15448953
15823007	15622800
15649472	15905249
15583203	15948870
15942423	15625149
15876492	15659909
15552339	15399004
15974054	15627928
15553835	15651473
15429581	15988034
16001524	15576553
15485129	16009192
15736828	15993102
15580174	15929039
15859504	15679025
15941758	15571112
15417568	15932108
15913290	15802909
15761662	15813498
15641339	15625157
15971287	15829949
16019539	15443315
15980229	15652044
15842485	15912674
15814562	15755393
15786232	16009704
15982288	15432050
15745360	15418737
15570393	15899238
15847563	15614652
15758614	15666548
15741311	15565524
15900219	15816906
15511486	15671343
15764935	15758881
15747247	15687990
15917157	15558842
15998398	15660878
15393544	15822591
15498448	15435875
15377363	15610479
15708263	15986344
16022188	15430019
15753870	16016646
15966289	15859112
15588545	15462004
15559589	15779633
15770571	15779633
15980946	15495099
15751007	15762280
16003590	15415889
15922404	15614186
15944109	15917476
15743043	15597622
15389748	15658913
15567933	15630033
15826695	15652235
15623903	15871106
15928031	15860791
15848626	15620380
15996788	15682113
15461183	15971183
15449586	15670562
15381857	15522037
15393448	15651548
15836022	15570875
15690337	15558806
15705197	15604266
15378400	15693582
15670205	15581062
15956977	15638137
15931297	15833969
15475581	15544798
15705818	15571319
15686395	15950320
15386847	16015745
15401788	15980589
15687344	15546860
15600751	15970661
15788588	15390399
15941398	15744251
15637494	15569887
15752092	15858906
15983054	15441000
15893346	15871058
15592832	15732984
15886991	15440336
15808300	15963025
15898331	15517068
15658413	15872635
15548178	15741737
15786468	15562444
15400636	15529672
16016899	15746647
15904748	15677856
15671556	15516961
15578861	15481621
15470687	15516799
15403758	15559346
15918152	15715320
15533935	15633333
15643027	15597630
15720866	15949452
15980935	15383237
15918558	15820511
15872411	15954074
15931530	15527310
15392503	15964479
15569668	15508917
15406264	15875470
15489631	15818237
15716728	15914670
15383164	15721899
16025346	15923451
15751814	15690649
15785761	15737990
15961065	15991840
15692963	15991840
15956224	15669879
15725145	16000037
16015480	15802555
15393346	15489946
15635446	15938556
15688574	15938556
15625200	15535058
15919753	15668403
15436030	15908379
15849153	15724783
15526116	15824899
15379383	15973509
15738804	15989437
15480681	15390149
15760010	15788620
15776574	15960658
16009988	15930454
15385637	15889438
15724612	15861511
15759129	15967075
16026582	15759802
15964683	15931262
15789023	15774023
15972316	15671800
15772176	15970514
15477036	15539952
15405560	15915666
15376001	15690266
15676908	15404444
15847870	15547260
15810680	16028150
15556915	15643667
15961065	15692963
15685595	15648002
15869670	15441240
15740616	15840025
15962304	15867478
15731455	15617538
15647931	16002910
15556279	15545978
15791413	15633312
15774848	15416223
15816771	15751732
15471514	15981945
16017138	15546712
15801265	15940406
15529382	15567993
15679894	16002857
15854796	15828159
15732824	16023931
15884341	15761616
15475371	15644265
15769896	15832546
15903083	15951767
15380512	15538985
15707913	15617486
15827470	15407527
15528740	15568327
15664313	15538710
15983495	15831450
15660199	15648486
15723931	15980240
15390138	15524027
15642346	15562295
15885611	15915684
15840703	15630466
15407025	15698947
15851776	15988274
15551560	15422634
15517277	15773706
15772824	15480992
15748223	15612684
15801764	15692486
15419627	15916489
15400155	16008688
15378169	15728798
15876132	15698828
15792217	15686741
15494706	15794603
15531466	15936575
15716428	15733954
15959092	15686303
16012027	15881722
15641989	15462624
15743427	15905089
15625700	15949243
15828173	15714554
15919277	15949524
15770693	15652379
15474881	15761622
15529342	15490089
15549606	16011828
15713103	15838118
15402687	15700192
15459635	15467089
15618742	15501212
15572505	15601826
15494992	15642038
15504296	15487534
15623731	15832950
15679667	15927238
15472813	15595531
15382265	15489277
15849641	15957027
15963155	15584422
15950245	15924258
15892797	15488425
15990203	15533380
15558143	15983909
15881680	15971642
15465483	15537314
15642629	15420992
15987967	15551107
15894634	15980494
15768038	15529472
15670051	15388906
15658330	15387548
15642773	15803608
15900742	15856836
15634045	15508687
15810287	15492540
15557611	15974563
15398723	15442400
15454864	15550872
15743237	15659870
15640347	15838255
15985539	15761222
15385198	15503575
15631316	15377401
16025070	15411708
15518574	15819293
15653143	15855414
15864706	15971496
15388355	15926448
15992933	15983223
16021992	16008995
15490544	15477316
15570873	15694612
15608174	15647278
16021496	15545847
15706131	15654809
15916809	15469497
15882793	16011518
15513159	15716456
15623894	15699693
15551446	15605995
16005035	15950570
15880420	15604608
15702015	15894396
15483749	15785984
15683912	15469043
15398118	15452125
15766841	15935034
15460831	15420326
15884460	15489928
15525894	15786083
15566416	15730714
15943787	16007283
15987752	15978205
16002246	15930171
16012208	15741135
15794397	15741135
15809933	16023747
15508351	15625000
15527803	15472665
15468148	15485782
15589478	15446674
15977047	15630599
15465319	15483678
15942751	15440287
15994375	15740084
15931156	15467806
15687007	15544176
15548382	15884377
16012624	15619937
15488164	16002903
15508955	15572048
15458930	15734038
15671425	15727080
15810221	15987854
15637377	15670541
15895058	15668866
15988926	15414618
15844761	15839423
15778006	15762292
15530267	15836822
15795796	15461120
15678745	15704852
16000675	15448932
15730209	15439523
15500482	15704153
15702613	15563441
15694177	15969936
15578605	15400578
15587419	15657593
15472343	15818937
15465883	15894041
15380565	15823273
15405467	15508555
15861308	15482859
15393847	15774432
15896708	15875377
16023349	15476695
15500207	15533088
15425022	15892424
15900278	15692277
15886358	15787299
15556521	15480598
15426007	15545002
15554077	15529339
15654111	15844414
15484728	15565191
15412058	15715023
15483937	15843104
15993604	15711687
15700502	15380940
15549457	15699160
15883748	15754391
15474109	15754391
15693160	15779713
15395971	15438938
15586564	15699601
15858439	15453734
15562760	15784504
15766808	15745885
15870648	15790076
15607933	15854701
15692042	15711825
15977425	16013769
15814743	15697836
15999931	15465216
15784722	15702163
15574757	15699345
15925942	15403372
15698937	15641846
15842116	15701614
15927975	15889762
15628799	15904946
15376013	15929680
15457349	15545760
15591029	15878540
15784806	15708032
15971732	15430447
15871486	15794790
15857545	15744497
15987361	15733558
15619326	15931017
15628058	15886841
15378775	15460196
15738279	15958334
15860920	15977616
15625793	15664905
15376272	15418823
15904991	15603622
15997165	15694157
15492447	15964274
15836248	15751673
15700207	15502500
15866112	15914762
15687769	15481985
15918940	15876396
15858182	15884770
15443198	15919423
15682504	15497738
15782691	15414397
15640983	15749484
15521392	15987349
15756558	15446576
15641923	15531499
15476801	15805730
15464565	15899322
15990398	16015888
15805816	15916686
15417501	15396483
15613858	15574470
15574955	15930522
15903180	15790973
15610585	15879785
15449252	15996094
15738577	16006589
15412414	15965231
15524542	15434057
15378794	15944567
15809429	15787743
15942412	15588682
15761818	15375724
15502577	15848934
15809150	15885674
15389531	15922925
15799868	15530797
15791512	15444238
15962589	15458506
15900153	15384238
15763354	15807119
15821338	15499583
15795439	15846619
15505442	15470047
15895178	15945680
15562080	15750454
15682212	15828940
15650872	15651379
15867000	15432338
15515626	15386682
15484039	15804175
15889040	15390338
15972173	16006357
15759505	15729139
15609422	15601124
16003510	15942699
15462361	15437849
15410977	15689497
15671293	15689497
15922903	15497646
15552544	15939404
15880738	15985652
15685825	15394973
15655003	15701530
15684452	15512639
15835271	15708238
15402840	15694098
15587240	15837489
15505951	15819742
15862318	15755085
15444955	15525573
15701163	15783794
15926582	15985267
15756091	16015465
15900923	15905032
15584543	15519425
15672641	15529928
15969410	15603208
15592058	15688955
15883302	15843093
15511290	15434278
15483824	15836279
15407664	15634010
15885903	15504749
15601804	15584689
15827300	15466892
15487065	15466892
15944828	15426862
15578074	15728592
15463336	15916262
15441773	15647354
15401253	15928970
15529751	15534028
15830491	15424417
15400293	15699382
15544444	15634221
15954532	15925434
15803047	15986329
15698633	15629154
15893185	15465269
15968789	15456153
15845126	15666634
15562754	15533487
15702431	15502493
15658172	15488765
15740749	15435178
15705729	15786626
15387472	15716577
15639451	15683956
15854976	15466360
15536635	15880602
15772554	15573836
15553589	15724981
15860731	15443924
15617876	15589357
15569041	15697968
15406727	15877823
15896847	15565899
15489507	15752408
15815746	15730512
15400049	15790686
15909261	15780912
15879507	16010795
15500321	15442951
15410769	15923171
15891981	15684187
15874177	15660031
15476468	15481602
15840319	15617286
15966239	15657672
15547167	15385954
15520371	15999086
15974862	15650631
15604031	15546558
15813419	16001924
15779980	15503789
15782666	15669676
15957534	15377005
15382052	15693547
15443006	15781365
15544676	15519409
15984871	15537417
15627122	15609742
15981861	15661371
15570490	15702919
16006278	15777578
15607714	15508403
15965592	15664575
15656427	15568047
15870691	15697674
15766756	15850374
15933520	16010292
15439735	15649710
15696039	15562370
15667662	15491935
15668136	15632293
15391898	15678088
15711620	15505643
15554609	15681378
15719673	15559612
15417178	15443429
16014316	15492688
16013823	15836202
15776380	15532954
15739661	15936636
15793070	15447199
15649854	15421395
15507518	15455469
15406266	16015288
15528554	15597617
15697456	15494466
15483702	15822671
15699203	15803849
15565928	15511837
15440638	15547550
16005347	15475293
15979896	15743280
15653214	15421022
15667258	15731777
15822022	15928790
15521977	15407702
15990924	15824915
15512108	15720178
15687636	16017576
16000075	15751772
15395376	15937905
15963787	15540864
15532771	15825593
15689313	15523104
15837014	15549336
15618304	15771181
15631099	15601319
15670104	15685996
15771922	15970500
15740225	15779754
15860274	15732327
15832318	15763036
15712275	15674772
15741885	15696686
15558152	15449522
15579724	15889754
15898320	15399705
15463878	15558348
15552128	15542426
15394376	15608536
15559183	15639162
15712756	15721452
15425706	15797513
15636460	15588355
15872179	15406280
15764192	15688335
15843963	15881895
15675508	15667708
15636441	15625180
15959295	16000294
15711031	15445678
15459603	15448449
15857070	15554595
15670750	15683595
15722586	15391543
15836659	15536680
15773379	15517166
15939204	15436608
15854260	15820676
15900165	15705707
15404204	15502059
16016728	15666616
15376091	15535539
15441866	15745712
15415003	15762122
15853900	15513108
15771325	15616826
15972720	15613379
15903496	15910644
15825341	16003087
15500679	15555263
15902129	15828095
15848084	15937605
15571125	15470437
15771486	15393630
15588316	15473504
15890933	15457135
15689811	15777688
15698122	15602784
15398009	15392688
15806071	15510355
15397512	15886908
15909522	15560581
15955991	15704032
15416813	15409152
15936450	15922290
15805962	15992713
15955423	15859960
15783470	15635579
15693049	16025824
15883430	15852662
15643321	15789507
15574905	15463858
15680006	15505112
15840561	15440718
15757757	15703291
15858734	15503187
15428637	15549082
15628479	15826355
15999854	15513088
15935947	15771759
15892793	15651090
15630374	15485191
15454295	15485086
15889443	15645447
15721525	15666695
15515111	15876804
15550203	15884329
15804522	15708729
15617843	16021919
15633937	15572056
15629203	15391227
15555607	15976001
15936644	15580372
15436526	15545185
15961899	15513199
15778604	15418394
15556043	16020077
15485041	15380723
15408893	15735607
15599026	15407236
15904592	15953349
15785172	15752985
15614630	15854593
15849765	15548583
15534636	15549442
15794848	15665251
15491636	15851740
15442935	15387744
15847399	15842898
15589270	15551690
15421068	15898265
15720836	15902573
15708676	15814455
15505946	15614595
15917623	15435002
15553028	15998656
15454687	16004921
15846657	15438270
15733796	15655455
15827300	15487065
15777761	15593655
15976640	15955882
15470148	15410824
15501493	15477760
15994160	15708756
15892548	15480338
15814815	15861631
15864905	16023348
15795083	15660035
15414210	15711625
15861543	15483753
15517111	15925661
15744688	15901949
15973948	15460247
15961674	15415448
16000164	16006200
15542206	15901771
16011398	15398773
15439645	15975596
15575625	15787333
15776028	15564659
15540071	15983039
15898664	15764986
15578811	15871049
16012200	15766610
15389093	16020146
15642820	15930322
15896627	15411952
16002710	15585869
15731728	15479390
15494885	15813491
15953615	15834041
15892045	15424190
15684642	15375675
15769221	15428681
15722416	15876391
15564118	15637345
15877181	15956221
15995924	15673555
15567219	15753074
15470297	15482513
15602925	15949271
15986933	15899793
15487048	15917259
15614085	15931951
15987684	15712363
15480280	15865950
15789359	15694956
16026773	15758693
15702356	15473793
15498516	15613612
15738782	15697546
15605076	15981333
15666908	15961233
15432592	15407339
15513225	15845102
15578595	15947302
15924789	15807890
15405491	15893918
15423507	15940638
15892837	15974177
15657428	15698069
15956609	15402872
15901068	15834599
15483983	15917578
15726078	15792610
15515236	15388968
15504869	15565794
15803022	15851376
15976411	16022603
15473288	15547715
15955454	15537368
15470089	15757616
15502053	15391352
15627987	15545197
15832220	15534838
15782712	16018429
15940675	15908030
15634621	15589817
15467565	15977988
15917299	15864473
15402063	15506634
15415273	15661392
15627026	15539910
15463303	15731787
15834473	15607999
15766139	15630932
15675063	15806202
15783945	15781959
15714087	15958631
15811475	15894164
15480217	15606210
15575316	15763025
15590952	15677107
15711388	15520057
15470573	15930520
15390803	15831003
16007519	15980185
15690080	15556198
15665710	15955872
15818506	15481244
16009076	15509144
15472219	15668498
15461770	15871119
15697897	15643302
15820289	15488168
15897531	15526908
15832141	15670221
15487795	15391089
15832323	15690844
15494610	15656552
15821337	15753332
15883645	16001691
15915872	15707380
15447587	15412487
15565250	15981788
15555425	15684794
15990702	15806177
15756430	15478883
15389153	15635469
15646110	15672872
15386735	15895745
15482461	15418020
15608604	15454330
15800093	15768499
15805861	15855123
15908347	15748467
15920744	15757807
15392153	15713905
15923236	15887733
15711594	15788501
15983596	15975135
15842943	15944992
15892417	15787570
15768285	15706268
15558191	15790852
15667692	15647231
15983931	15439917
15539228	15451542
15995207	15387784
15509433	15977215
15460754	15770578
15691127	15684347
15417649	15384496
15899933	15530053
16013596	15462995
15459578	15523233
15384334	15958694
15792659	15630375
15652674	15506183
15900148	15635956
15702400	15716404
15971625	15760742
15805699	15639689
15573768	15479074
15385641	15592162
15660333	15855285
15594557	15761517
15471279	15995252
15471798	15397741
15736356	15911921
15768655	15671254
15931414	15908282
15700282	15682947
15734354	15738883
15668493	15650467
15420000	15410733
16028058	15549786
15695911	15675530
15498501	15419275
15802468	15767538
15770052	15413588
15507778	15958070
15632991	15715224
15880301	15997370
15400927	15792134
15506947	15630635
15548273	15663421
15559166	15713601
15998077	15424481
15607857	15565272
15773272	15394698
15814368	15863377
15748965	15381732
15688762	15682025
15834934	15688154
15644449	15528733
15989713	15994236
15644074	15827612
15495411	15918776
15981058	15737450
15762067	15567117
15667458	15943901
15412316	16007151
16004219	15562872
15613486	15645398
15669869	15869137
15638504	15999418
15574434	15602653
15949815	15479584
15907409	15665792
15997708	15664493
15517581	15378491
15885160	15848367
15917025	15978199
15608950	15982364
15982099	15894011
15917715	15589587
15681836	15897357
15880038	15785739
15377253	15907970
15812858	15539213
15998718	15439288
16025229	15992908
16027167	15899722
15425264	15761794
15655573	15823747
15378110	15715194
16026911	15657362
15862374	15716242
15853422	15717790
15446139	15884273
15878460	15630075
15483946	15879091
15911997	15520635
15426140	15678074
15452802	15991586
15397179	15861084
15506633	15953741
15745343	15642658
15937059	15990554
15380112	15654057
15479446	15841659
15781675	15602827
15486733	15485654
15591830	15855842
15661626	15634606
15682893	15641912
15646284	15883101
15840796	15400771
15987144	15886939
15678404	15684464
15585531	15847452
15919431	15548214
15812883	15870018
15567198	15710741
15872622	15650226
15556204	15925320
15970901	15548120
15640190	15515579
15758870	15876161
15987656	15651866
15544777	15794040
15962502	15804351
15538513	15500893
15765269	15619249
15493662	15770891
15710903	15988006
15986136	15547031
15787984	15452062
15482355	15762875
15409659	15853638
15723448	15425456
16002702	15957562
15465655	15911189
15532189	15681672
15895152	15510637
15781360	15780325
15885152	15563276
15952845	15969251
15791288	15478544
15704447	15740287
16005898	15627923
15782122	15489750
15499380	15781849
15932504	15518677
15959899	15827670
15980518	15467323
15730857	15409724
15500938	15998391
15563815	15800335
15470949	15705268
15661007	15841674
16007836	15799577
15600556	15634509
15460035	15454371
15972106	16008959
15946245	15814236
15560462	15979859
15552760	15812903
15953028	15679534
15411359	16001673
15381260	15641779
15635446	15688574
15579101	15713950
15997957	15875634
15585567	15464610
15775415	15487383
15566088	16011239
15565967	15935955
15425748	15966200
15583286	15615822
15907632	15885348
15913386	15674545
15581580	15698477
15816581	15417978
15759686	15627641
15577691	15419008
15850780	15602354
15401611	15950011
15517852	15805127
15580531	15530271
15720276	15558353
15413405	15377590
15734778	15927098
15814507	15564938
15854152	15433067
15507401	16026023
15457973	15927376
15757430	15814585
15544406	15393736
15722577	15931541
15805725	15686483
15647229	15759813
15726274	15720995
15747840	15828879
15785195	15846889
15762599	15397271
15571048	15507685
15866923	15644283
15814855	15806123
15930996	15973341
15533596	15972939
15810932	15760669
15702602	15738459
15625787	15688225
15726990	15641367
15806044	15917833
15419970	15647696
15722707	15788012
15608527	15444436
15968065	15765751
15553555	15841336
15505639	15780731
15566171	15689968
15545218	15649607
15575467	15973879
15580559	15722486
15465798	15374979
15958794	15732597
15652830	15942358
15569432	15789811
15669810	15578304
15608273	15584195
15833242	15953807
15688824	15958316
15522493	15743254
15713145	15512011
15536517	15440699
15990858	15692885
15762236	15500128
15461102	16021525
15917224	15401706
15830434	15986411
15467541	15585997
15970713	15720006
15610458	15420576
15730700	15416249
15855550	15623325
15436277	15671102
15703932	15919929
15802524	15656876
15886587	15501513
15786296	15949127
15395210	15380038
15724527	15587991
15461546	15551208
15796071	15715123
15577783	15947426
15701661	15757664
15693206	15908810
15854433	16028092
15662477	15407999
15591708	15577660
15900355	15892546
15970229	15418054
15817801	15565659
15635626	15483873
15458493	15456491
15705240	16010396
15744299	15616255
15521768	15992097
15451603	15584964
15466505	15489822
15687102	15759916
15523326	15542444
15920413	15603703
15397026	15949797
15476168	15991544
15871422	15619130
15700164	15495841
15766284	15459978
15714324	15655826
15742529	15580950
15551214	15451946
15508161	15435946
15937041	15708303
15825135	15679279
15774412	15433665
15980304	15821699
16013697	15557071
15390861	15589282
15566820	15998290
15701650	15627528
15590098	15807071
15538871	15396512
15867896	16002218
15679028	15403815
15872479	15967876
15409682	15874287
15803068	15412491
15552918	16026063
15962946	15389672
15703561	16024430
15753539	15472046
15549298	15525973
15559589	15770571
15632093	16000562
15423653	15937548
15703080	15848411
15925112	15628981
15895520	15749862
15945196	15972452
15459065	15716808
15722677	15831374
15867505	15545522
15428733	16018611
15430849	15946618
15958007	15564681
15728861	15672457
15452174	15732990
15816354	15835435
15656788	15584941
15906329	15540934
15964114	16015961
15738813	15904287
15375340	15444193
15410977	15671293
15900849	15465910
15667186	15970491
15774305	15986855
15683088	15704119
15658201	15568454
15703287	15502440
15842120	15918644
15717152	15779554
15712241	15375809
15908131	15773538
15834969	15643978
15513109	15843672
15680242	15746449
15966132	15672595
15873641	16021556
15538043	15417746
15865947	15785818
15432427	16024889
15998982	15777930
15464818	15391962
15549404	15493692
15396789	16026025
15981921	15976985
15571119	15936880
15626141	15927072
15443142	16026463
15723806	16009625
15471391	15904018
15832873	15823671
15993197	15581432
15761000	15714034
15639525	15703330
15716841	15966901
15909378	15863423
15810585	15796060
15770974	15776217
15843758	15677305
15987661	15891397
15692670	15861160
15955716	15979023
15426771	15686427
15766980	15957845
15724693	15890123
15829263	15983456
16021258	15638594
15612409	15436034
15667792	15455674
15682014	15462907
15445963	15563925
15972447	15583289
15422856	15480861
15772180	15727061
15755711	15689663
15653988	15460388
15755949	15633036
15885676	15691085
15645232	15857419
15705076	15707112
15636538	15414179
15657849	15967388
15500075	15956309
15551889	15997728
15863592	15595049
15793935	15535084
15617993	15802589
15516137	15528107
15985213	15797534
16016670	15910184
15697756	15435840
15670567	16014958
15681215	15730046
15846306	16006169
15522409	15819288
15700960	15418459
15857641	15435860
15672848	15877227
15972141	15377586
15726870	15890447
15588680	15626228
15892361	15706098
15958768	15701218
15799032	15388710
15678729	15776886
15740353	15575062
16018899	16012936
15603845	15724207
15871943	15772573
15475310	15415469
15804150	15672430
16016769	15518459
15578715	15686432
15401165	15708361
15744716	15663383
15568985	15623929
15581792	15697611
15592300	15491965
15820874	15666619
15574195	15792816
15490407	15722620
15466833	15480463
15851276	15954600
15778294	15890684
15891185	15446567
15753501	15558231
15905499	15981669
15678852	15713759
15499441	15639861
15708384	15539126
15624259	15639820
15929853	15894643
15870455	15875173
15924556	15377362
15620244	15624972
15392753	15886468
15866370	15546026
15694166	15956598
15536183	15770261
15513508	16019877
15495583	15423395
15645195	15423213
15516977	15377263
15839565	15912593
15380283	15915538
15825030	15660908
15461369	15812569
15883239	15679584
15666299	15642698
15913777	15592194
15845189	15409542
15714181	15932245
15853094	15808719
15525616	15768189
15878350	15635672
15743470	15496001
16018542	15452649
15557699	15717959
15987481	15810146
15821867	15980433
15964721	15833899
15402826	15662782
15596489	15909454
15597399	15551608
15377974	15884009
15817358	15953736
15794339	15559978
15926374	15511644
15761931	15745747
15397552	16020987
15649302	15840200
15749167	15404648
15536440	15685280
15989452	15967898
15752593	15989550
15845857	15924703
15977193	15976452
15541510	15768276
15982277	15898340
15810830	15479039
15399998	15497974
15839419	15524775
15675366	15976834
15626808	15511913
15545929	15577324
15948915	15577324
15447762	15838800
15811571	15670387
15431852	15428392
15738357	16000543
15547426	15647492
15945431	15436500
15435469	15888534
15545929	15948915
15595483	15734963
15872607	15412510
15450701	15948844
15778880	15521797
15387258	15574691
15897039	15432333
15766393	15995276
15786532	15472709
15468048	15495930
15791300	15679091
15437225	15576825
15718072	15424821
15395526	15899378
15728530	15392122
15708500	15909518
15615682	15806666
15395201	15809007
15983345	15807646
15810992	15455422
15405624	15406202
15761438	15885270
15401578	15402701
15665007	15985772
15773443	15473788
15645177	15764050
15389990	15929390
15846367	15851084
15846278	15843521
15875955	15505190
15394512	15719916
15787128	15870953
15655618	15451369
15603873	15560534
15818050	15593710
16027574	15501641
15674808	15941444
15816031	15506904
15739392	15539066
15907278	15408532
15380089	15599728
16013429	15431655
15462133	16016987
15655894	15918465
15950696	15561099
15755897	15614033
15674025	15708535
15696679	15822837
15883748	15474109
15803046	15801974
15558864	15769394
15577743	15386617
15934572	15745514
15939051	15422234
15942179	15752587
15487096	15507978
15410045	15899988
15894893	15761254
15635983	15877205
15877944	15817162
15848707	15724364
15536028	15628434
15983381	15393547
15528154	15445378
15838234	15817051
15646200	15659575
15766576	15457652
15554293	15701724
15686027	15472137
15612748	15506292
15440375	15800582
15613708	16019703
15752323	15736677
15845831	15923182
15722397	15480989
15662366	15877196
15480180	15868608
15926693	15450483
15879698	16021969
15592322	15689052
15950445	15424587
15573011	15485934
15560272	15473445
15641014	16010735
15476481	15468850
15964326	15789663
15797748	15568788
15895796	15777608
15889511	15683686
15931846	15686564
15546069	15514415
15982214	15537002
15459016	15984639
15720293	15432771
15953756	15749961
15391383	15741629
15389355	15943562
15864460	15876238
15820937	15793896
15971430	15823702
15698330	15592960
15950883	15709700
15826633	15437267
15745237	15812684
15659791	15894844
15840321	15574843
15528339	15935718
15719788	15730629
15945447	15515073
15969318	15836905
15974579	15761428
15873079	15892415
15766152	15652555
15833170	15457922
15524225	15921253
15390240	15618222
15748303	15517037
15487904	15977542
15381144	15572846
15922538	15794281
15567019	15732653
15646870	15872139
15479720	15997993
15848691	15454250
15965611	15398520
15681942	15802969
15974966	15821450
15419663	15940244
15915444	15700381
15513174	15620659
15859157	15876753
15959277	16024689
15542243	15488257
15847152	15440557
15705352	15695042
15800175	15450076
15399036	15704695
15469267	15605747
15936996	15658411
15464374	15852450
15856263	16019601
15997465	15376888
15784578	15865665
15724573	15401339
15760961	15808539
15918680	15891087
15560528	15609659
15402811	15761585
15882736	16016209
15521380	15830356
15908718	15608708
15423819	16002205
16012208	15794397
15736080	15542548
15636988	15500873
15528576	15492703
15936075	15681605
15850528	15978971
15916251	15790822
15656593	15751534
15575204	15442242
15463459	15476601
15450298	15624615
15410785	15539340
15932431	15650181
15960627	15703396
