15559941	15934344
15393441	15769710
15431271	15991029
15651251	15780633
15406675	15477556
15651559	16018020
15607645	15986891
15564598	16000064
15539614	15621764
15404938	15953492
15507691	15965959
15682476	15967316
15429964	15832305
15578511	15939672
15408153	15444482
15423649	15847574
15583407	15998938
15497270	15589362
15454009	15614221
15836693	16013391
15390259	15722751
15588195	15980506
15550910	15725809
15479487	15542454
15426567	15814475
15630212	15777641
15417211	15599785
15711367	15931506
15642837	15682447
15630394	15874499
15753673	15753741
15558991	15997043
15466465	15723658
15601129	15775040
15599927	15758796
15916927	15977724
15405633	15641903
15849197	15982784
15468097	15599936
15388964	15763344
15470720	15942403
15557150	15959453
15479863	15518871
15472182	15745090
15415314	15754814
15472626	15789657
15763275	15843946
15647014	15703873
15458355	15562604
15644913	15945952
15594026	16005958
15907903	15995597
15632611	15632881
15812329	15962487
15636469	15668834
15416390	15977239
15574879	15971440
15734456	15773488
15759511	15913854
15753460	15808717
15529510	15835509
15667553	15890064
15805709	15921046
15400397	15950300
15388129	16017803
15580176	15782299
15621875	15633088
15751064	15812587
15584438	15679182
15384166	15733927
15665225	15706468
15492088	15836665
15595567	15896724
15806955	15983391
15746002	16023717
15423589	15942505
15795762	15928964
15413187	15557642
15524462	15898324
15549591	15606780
15490936	15867705
15423507	15539877
15754750	15800579
15512936	15633410
15439826	15777540
15762486	15888428
15920712	15977790
15604077	15626725
15876367	15969885
15694330	16023431
15798296	15993258
15389627	15573532
15566783	15640699
15590047	15791323
15449305	15591726
15508423	15870877
15823353	16007397
15889199	15910225
15546384	15589509
15716251	15837382
15463332	15514088
15588014	15643141
15702201	15732100
15670028	16018005
15455747	15841054
15552908	15931101
15390016	16026848
15479742	15960305
15693194	15850576
15429962	15482947
15444289	15875846
15541847	15921280
15417132	15462582
15661224	15838501
15488228	15641796
15544352	15797723
15863078	15874312
15470607	15633360
15635293	16023735
15395179	15643615
15723632	15808448
15780772	15982610
15447592	15830746
15413214	15678977
15416338	15891787
15417764	15668084
16007070	16012632
15514263	15739629
15713890	15786990
15855830	15938433
15494125	15804919
15676196	15681702
15888471	15950594
15651454	15671992
15467102	15741908
15377560	15498935
15832781	15885499
15429024	15623876
15452274	15755513
15448385	15897766
15433540	15689554
15724349	15787018
15581331	16009663
15424149	15913679
15482759	15783548
15785050	15798279
15417327	15431917
15490246	15783844
15576129	15807158
15555341	15662450
15620865	15648932
15439908	15475342
15442104	15839414
15534509	15948206
15452873	15900008
15678839	15734609
15424022	15641586
15432284	15565422
15655073	15717191
15435136	15895983
15695572	15701256
15586675	15737359
15437812	15963317
15421435	15715454
15447510	15960173
15609919	15784456
15759962	15822351
15385768	15736119
15702388	15784798
15376031	15928407
15693694	15793550
15705139	15980671
15502205	15666855
15732786	15810238
15543306	15963622
15858256	16003840
15583505	15735770
15697971	15962810
15637413	15830071
15581777	15859266
15787919	16023558
15488785	15584865
15495506	15755109
15509996	15881412
15599866	15603304
15406006	15422421
15775756	15943488
15419452	15510283
15815916	15824113
15889591	15987949
15655124	15960709
15376291	15955073
15778354	15839678
15655061	16020236
15769653	15783402
15513336	15800421
15638682	15691750
15683517	15810024
15528890	15806958
15411789	15941331
15511638	15767636
15624389	16019267
15721754	15982259
15648899	15658460
15486764	15769709
15841097	15863388
15903880	15962860
15467892	15871504
15662526	15921347
15457048	15791003
15783039	15798889
15524818	15636098
15566356	15961889
15772493	15949099
15383866	15933655
15845063	15912631
15694210	15955704
15665290	15800316
15830515	15890678
15410183	15955670
15503052	15944541
15557849	15658301
15837428	15975958
15857713	15918128
15699291	15721366
15469578	15853998
15404176	15991961
15618472	15716213
15656030	15872284
15514163	15979791
15915262	15919012
15414932	15532277
15571893	15961380
15900061	15950857
15772359	15797504
15411598	15665126
15456020	15954048
15784754	15862166
15398554	15692619
15803879	15849276
15708816	15995055
15397843	15966099
15640996	15691062
15805249	15913632
15624121	15717509
15443491	15506147
15753515	15806411
15682154	15997732
15418645	15548927
15485536	15535329
15694346	15839179
15612690	15757369
15765293	16014504
15407909	15975551
15610133	16015497
15549621	15784837
15375050	15776742
15760191	15881946
15765307	16017006
15629290	15765059
15872678	16022831
15937764	15991727
15512392	15722034
15539708	15741939
15429581	15988034
15494047	15787939
15708263	15986344
15571322	15948281
15410528	15481324
15686395	15950320
15684959	15756977
15563107	15571904
15808300	15963025
15517068	15898331
15862509	15869780
15613566	15821440
15464268	15637664
15496228	15511172
15875914	15932730
15690649	15751814
15539893	15542064
15646838	15887774
15835829	15988319
15665620	15945973
15732358	15923230
15387530	15829635
15501996	15728887
15647642	15716670
15490257	15745516
15465483	15537314
15640347	15838255
15754521	16017971
15390878	15711448
15809933	16023747
15698267	15901294
15472174	15958454
15500482	15704153
15563441	15702613
15405467	15508555
15500207	15533088
15607933	15854701
15551830	15577053
15425120	15692818
15497738	15682504
15607295	15648827
15787743	15809429
15375724	15761818
15682212	15828940
15650872	15651379
15397771	15959037
15394973	15685825
15587240	15837489
15434278	15511290
15855282	15928461
15424417	15830491
15483850	15967527
15429894	15667801
15615777	15853467
15891485	15908808
15443924	15860731
15565899	15896847
15879507	16010795
15501641	15936105
15736196	16002372
15382052	15693547
15680995	15811502
15388318	15940395
15539758	15831547
15495063	15812913
15598117	15750171
15476478	15705425
15763036	15832318
15688335	15764192
15677717	16009652
15541303	15844515
15757611	15858857
15889442	15892726
15704032	15955991
15797402	15814781
15585804	15995164
15463858	15574905
15703291	15757757
15450049	15570937
15890046	15955469
15385927	15800192
15758034	15805290
15377163	15902613
15424580	15649626
15574607	15824590
15734878	15975561
15955882	15976640
15553111	15616945
15960494	15991208
15681124	15977062
15452435	15855502
15424190	15892045
15851663	15865891
15388925	15500276
15537893	15727640
15604417	15860152
15523362	15831307
15768499	15800093
15887733	15923236
15451542	15539228
15528905	15719332
15419275	15498501
15457535	15534485
15638504	15999418
15385614	15922557
15470474	15589270
15414539	15755235
15496426	15706136
15590444	15645802
15627923	16005898
15567488	15806286
15479990	15793934
15377186	15492320
15530271	15569566
15433067	15854152
15507401	16026023
15757430	15814585
15418258	15927493
15579607	15619684
15560987	15987023
15722707	15788012
15405597	16009092
15501513	15886587
15605703	15666227
15753705	15889983
15459978	15766284
15399389	15604722
15426844	15921630
15581766	15862005
15407652	15660800
15733706	15865357
15463146	15687948
15523879	15877114
15770974	15776217
15692670	15861160
15644130	15872675
15535084	15793935
15516137	15528107
15978263	15996556
15515494	15800628
15766752	16020460
15536183	15770261
15845893	15951453
15454148	15684243
15736826	15834628
15883610	15898746
15494582	15787198
15721233	15833323
15577324	15948915
15426425	15994538
15456901	15693955
15451795	15631111
15457652	15766576
15472137	15686027
15879281	15918878
15386882	15951328
15823702	15971430
15684174	16010556
15731746	15817504
15745237	15812684
15659791	15894844
15810381	15877916
15727328	15764238
15567019	15732653
15479720	15997993
15700381	15915444
15695042	15705352
15477038	15902549
15767362	15930719
15400106	15959171
15391205	16018270
15692727	15757158
15452809	15457988
15516218	15999645
15684591	15966419
15418786	16004704
15468772	15759033
16020214	16024411
15931855	15935695
15649221	15941235
15901624	15925118
15869643	15960952
15398830	15960017
15673807	15974075
15563604	15777858
15510412	15977991
15493871	15691687
15380600	15966596
15516064	15914219
15483762	15875591
15657144	15836118
15377675	15831082
15769248	15956741
15709779	15713998
15574056	15999103
15541436	15599356
15551091	15984372
15637802	15835030
15386014	15607573
15487367	15985137
15408630	15868394
15480179	15737135
15671800	15972316
15894634	15980494
15702015	15894396
15978205	15987752
15592058	15688955
15797070	15813291
15414828	15592490
15500679	15555263
15477760	15501493
15567198	15710741
15424362	15888896
15585950	15979023
15458439	15503272
15461369	15812569
15409542	15845189
15821391	15985327
15578830	15684485
15819978	15914775
15446971	15610091
15431915	15557183
15619354	15858544
15877758	16003346
15454448	15542045
15455276	15895714
15473976	15701436
15883320	15932290
15716615	15717013
15619955	15969773
15660819	15812548
15481621	15578861
15874122	15994065
15657428	15698069
15806177	15990702
15730996	15948555
15592020	15827297
15448651	15527838
15568215	15570319
15480495	16024611
15432427	16024889
15754445	15848510
15846913	15860140
15479230	15578843
15712772	15805304
15499879	15500875
15441643	16011953
15845982	15908794
15522453	15704626
15541131	15882037
15399175	15787690
15416347	15937575
15384160	15743579
15502276	15626117
15573631	15647412
15406820	15657398
15704183	15708120
15426107	15610886
15660625	15873828
15487111	15593430
15453831	15467221
15922650	15956489
15510840	15723624
15516325	15911240
15378139	15582702
15428360	15751021
15483399	15899677
15499214	15869455
15879118	15908799
15397351	15503394
15676112	15708564
15456608	15781630
15799138	15984240
15880687	15927363
15504090	15858148
15548933	15604828
15548214	15919431
15556080	15830145
15537828	15579648
15677115	15834979
15546026	15866370
15568226	15683099
15864448	15937839
15514265	15942981
15928804	15949198
15853340	15860511
15411645	15558812
15409598	15956553
15432712	15772263
15447475	15957775
15635996	15838871
15546583	15709495
15564938	15997060
15662368	15851157
15411695	15740320
15447057	15585503
15858578	15933836
15844105	16011954
15499267	15594098
15519370	15530249
15582998	15762213
15655950	15901173
15885611	15915684
15530002	15540995
15770531	15857565
15448442	15918728
15526019	15670048
15902270	15904287
15552279	15785654
15946443	15973906
15555607	15976001
15480280	15865950
15664308	15840260
15475910	15689682
15675068	15953941
15580665	15811152
15865055	15999251
15909714	15965902
15495912	15575185
15424856	15787559
15628178	15702170
15661699	16027255
15573840	15719727
15602896	15864771
15672095	15984080
15706425	15953142
15403351	15965164
15400486	15522305
15626064	15969146
15463834	15767084
15444328	15964998
15772176	15970514
15583532	16026093
15473793	15702356
15427655	15557783
15389073	15958195
15423395	15495583
15808719	15853094
15395471	15873278
15410045	15899988
15646620	15843772
15600597	15906128
15585983	16004601
15825389	15871524
15544886	15857024
15646014	15991347
15431823	15543944
15408077	15947299
15544141	15864977
15728457	16004674
15401965	15716907
15663546	15783931
15448885	15757139
15492426	15592785
15485496	16023480
15406703	15428259
15709595	15839981
15644121	15779060
15714623	15819713
15633624	15675351
15384310	15869964
15437364	15976496
15831799	15979771
15905824	15951736
15621301	16006429
15647462	15713757
15390399	15788588
15661922	15814793
15809365	15895979
15455299	15924813
15584863	15956063
15398141	15653427
15839370	15909753
15382684	15571494
15632983	16020476
15505941	15550237
15602041	15915929
15385243	15420364
15531656	15658330
15563992	15684535
15463101	15547301
15902691	15990178
15570924	15683504
15558593	15985821
15633128	15656509
15606291	15808492
15634042	15950253
15566572	15691522
15823464	15985070
15681857	15955480
15865190	15922162
15709451	15942727
15614231	15667908
15588474	15883958
15701667	15800757
15430370	15646025
15635446	15938556
15412058	15715023
15457349	15545760
15400049	15790686
15377005	15957534
15399705	15898320
15706406	15761797
15564659	15776028
15713218	15848753
15402872	15956609
15793442	15809991
15552437	15695318
15774622	15813100
15752863	16014709
15535614	15542262
15462049	15773050
15499849	15873262
15505661	15706280
15448758	15601843
15522146	15610443
15806414	15828506
15615056	15922401
15432787	15911620
15459147	15701962
15573978	15890876
15609374	15944618
15870585	16018773
15425921	15704845
15518076	16000267
15757480	15785965
15894557	15998468
15520761	15612948
15649751	15746561
15644228	15685630
15484436	15948245
15569972	15893275
15644693	15817275
15468148	15485782
15425373	15790611
15449748	15742080
15583935	15999734
15852662	15883430
15435925	15639380
15487048	15917259
15549692	16019719
15524527	15886022
15559166	15713601
15735599	15943044
15497339	15704471
15814636	15992768
15523486	15689584
15643979	15764996
15692878	15744351
15711753	15919232
15455422	15810992
15790822	15916251
15543003	15929225
15754575	15917596
15689471	15700960
15763248	16001154
15731420	15971749
15420818	15573984
15721444	15899612
15394230	15426931
15481709	15775436
15489793	15704049
15708157	15953332
15601274	15736372
15452845	15656898
15513528	16004548
15387874	15572313
15497199	15817079
15465324	15841293
15599086	15761778
15716403	16009388
15454872	15933343
15396245	15670183
15589247	15757883
15910098	15948597
15645952	15926833
15400720	15950103
15528833	16013536
15396822	15624106
15395873	15927765
15792974	15802754
15503544	16018928
15519061	15996473
15572056	15633937
15690229	15983355
15410665	15791853
15437963	15817683
15413588	15770052
15924966	15948036
15489255	15927461
15532189	15681672
15706176	15990499
15594640	15850440
15443561	15580423
15860689	15975729
15579698	16028257
15598068	15690643
15870999	15889420
15469854	15882809
15642714	15711636
15404647	15807984
15552410	15912407
15700976	15787953
15859304	15944546
15819929	15957065
15958027	15990535
15818037	15927355
15775797	15894597
15662757	15994009
15377157	15794289
15392526	15477033
15604608	15880420
15666821	15747576
15551125	15814321
15893594	15917197
15473289	15608072
15695648	15855074
15560462	15979859
15446567	15891185
15792267	16024855
15626238	15873894
15575658	15598202
15700660	15927986
15727399	15965320
15461936	15551193
15552563	16012904
15388285	15393813
15429441	15999343
15409867	15449577
15543575	15889095
15732038	16019428
15602299	15616901
15699553	15778179
15588184	16027821
15806646	15849737
15659444	15746795
15875634	15997957
15790479	15815318
15485934	15573011
15514745	15798634
15512556	15859712
15419605	15990005
15423415	16012963
15377171	15434910
15389638	15750045
15671530	15997970
15479783	16016037
15477018	15922527
15856659	15920168
15452554	16015184
15638105	15656276
15924699	15998364
15493399	15733523
15767831	15931614
15615331	15684669
15835278	15905919
15502599	15909337
15375472	15631904
15511785	15695471
15434720	15529260
15523160	16014370
15659037	15711600
15449586	15670562
15659709	15869064
15470454	16003637
15840592	15884488
15531499	15641923
15502493	15702431
15620198	15664566
15406169	15453693
15745901	15794965
15883645	16001691
15873405	15928347
15486431	15715150
15454271	15869443
15471391	15904018
15579815	15856066
15601268	15776353
15462083	15476501
15388825	15659628
15803305	15976547
15619016	15681766
15599316	15771664
15843438	15892681
15403508	15999458
15529819	15957742
15753238	15849622
15417761	15769852
15615643	15772567
15615436	15826288
15796985	15967612
15418323	15748948
15460616	15924475
15385556	15981275
15441143	15959870
15432965	15806851
15448679	16003448
15900709	15917236
15932339	15989867
15802745	15910897
15416718	15882601
15468600	15692153
15948683	15984659
15460392	15743448
15435875	15498448
15761616	15884341
15470099	15489332
15845163	15950520
15450856	15945387
15501784	16009570
15685182	15968508
15493654	16022071
15561553	15690626
15832664	15945403
15567117	15762067
15676555	15975251
15822667	16020196
15909361	15991090
15375015	16012476
15545301	15829810
15454056	15960731
15893151	15932491
15516571	15637850
15845383	15855752
15729150	15925287
15828851	15998588
15459319	15788693
15566044	15885213
15377520	15578556
15570967	15984856
15792979	15979355
15399260	15906670
15381113	15525221
15548629	15716312
15789528	15790981
15770398	15949706
15664916	16026464
15616028	16024786
15834041	15953615
15555439	15747031
15403077	15572352
15451180	15988422
15616255	15744299
15561944	15947118
15394475	15990847
15419246	15728256
15556957	15585164
15550574	15911475
15435423	15871934
15595116	15909284
15475730	15867282
15470696	15505606
15603911	15800761
15880502	15981629
15383144	15997241
15731344	16027037
15594911	15772209
15437824	15939554
15497687	15795875
15936567	16000284
15737925	15840912
15407856	15853318
15826905	15851199
15750437	15951801
15796683	15874910
15485422	15593020
15720113	15975384
15415391	15609999
15438361	15482867
15740792	15836954
15411655	15739120
15814842	15858348
15422512	15740894
15964698	15968059
15503575	15994213
15586449	15627973
15542739	15851049
15794217	15984357
16003043	16019547
15456057	15958710
15504215	15710494
15549880	15749252
15390338	15889040
15441773	15647354
15387472	15716577
15660035	15795083
15940320	15968976
15454371	15460035
15602354	15850780
15705240	16010396
15393394	15424345
15800391	15956407
15517037	15748303
15381038	15774640
15499392	15942182
15758876	15883348
15669458	16022695
15855081	15973191
15745765	15853237
15412634	15747109
15571034	15765369
15384461	15703203
15409281	15514028
15794022	15817505
15724027	15729476
15547674	15578690
15541318	15634119
15400216	15707717
15385400	15478186
15460198	15948454
15384892	15553842
15559510	15728840
15653766	15718211
15692115	15761143
15393583	15867303
15405535	15741727
15811447	15830722
15848415	15881668
15612411	15819828
15438417	15754809
15700480	15918906
15455109	15937510
15525189	15631309
15391346	15412894
15501007	15826727
15458379	16012148
15578169	15904152
15399303	15896187
15520641	16011619
15964143	15998748
15483378	15753838
15981160	15999110
15527432	15650818
15467305	15511347
15377734	15436468
15456991	15873308
15704684	15953099
15702146	15753243
15553110	15941633
15594128	15990946
15448244	15573829
15540025	15777551
15873815	15944827
15397810	15470039
15559678	15861434
15631553	15802303
15590450	15637112
15552086	15815097
15462620	15721132
15470053	15667294
15939309	15953802
15383703	15705127
15754568	15809246
15777602	15925851
15505452	15590941
15781023	15959667
15564434	15912300
15467832	15732390
15444322	15681820
15437570	15489633
15642773	15803608
15468794	15920583
15446576	15756558
15693535	15764306
15532235	15773265
15842898	15847399
15853525	16016916
15673555	15995924
15500060	15688460
15666908	15961233
15811475	15894164
15983406	15991785
15871377	15968258
15483946	15879091
15374979	15465798
15436277	15671102
15686762	15771418
15501915	15517853
15443656	15454250
15852811	15936688
15612438	15925392
15608809	15676956
15395797	15698554
15449188	16021126
15422075	15899165
15595069	15631745
15867671	15984024
15666531	15699251
15584929	15728956
15410992	16005765
15860760	15954500
15519813	15835280
15483400	15721014
15890978	15975154
15525544	16018967
15551153	15843033
15513680	15947578
15571993	15608305
15388342	15727327
15862521	15988597
15655984	15900748
15460680	15517167
15510106	15928882
15819426	15890811
15529382	15567993
15574405	15921556
15774205	15873156
15485348	15688777
15782981	15828725
15639625	15975771
15717790	15853422
15761318	16005035
15438520	15703468
15375041	15801615
15496444	15755218
15734848	15915781
15379307	15712241
15715740	15795708
15804932	15984693
15471152	15521015
15903898	16017528
15608461	15907498
15806465	15902373
15441783	15612873
15473971	15863952
15524121	15640783
15926208	16003780
15652784	15770683
15422308	15555487
15530563	15687198
15518982	15939338
15396145	15903461
15657475	15803278
15501546	15541179
15526905	15796001
15705800	15803449
15424079	15770913
15641534	15795191
15391249	15489144
15720866	15949452
15487534	15908315
15835043	15880244
15573545	15773359
15546217	15932345
15421022	15653214
15511562	15555965
15545080	15810433
15795382	15815229
15395201	15809007
15938638	15958971
15723407	15920520
15454451	15658862
15763046	15826478
15798902	15910228
15424364	15682034
15713911	15744922
15438015	15446503
15505245	15897316
15910739	15981798
15638268	15790263
15503755	15881475
15479573	15705980
15734489	15950575
15375187	15870780
15569757	15744866
15379562	15413524
15595230	15634565
15837404	15965356
15565832	15587299
15512826	15877993
15673589	15910256
15706966	15910280
15702163	15784722
15706594	15808852
15652663	15893846
15557568	15980820
15800909	15941437
15581609	15953949
15635956	15900148
15562872	16004219
15596489	15909454
15640309	15679785
15850528	15978971
